1.000000000000e-09 2.459889633389e+00
1.000000000000e-06 2.459889633389e+00
4.852010000000e-06 2.459889633389e+00
9.704030000000e-06 2.459889543309e+00
1.455600000000e-05 2.459889543309e+00
1.940810000000e-05 2.459888212218e+00
2.426010000000e-05 2.459888122138e+00
2.911210000000e-05 2.459886881130e+00
3.396410000000e-05 2.459885459967e+00
3.832630729342e-05 2.459909943209e+00
3.881610000000e-05 2.459864683043e+00
4.366810000000e-05 2.459416280362e+00
4.852010000000e-05 2.458967705805e+00
5.337210000000e-05 2.458517807733e+00
5.822420000000e-05 2.458069060007e+00
6.307620000000e-05 2.457618997454e+00
6.792820000000e-05 2.457170094818e+00
7.278020000000e-05 2.456719867604e+00
7.763220000000e-05 2.456269467673e+00
8.248420000000e-05 2.455818985157e+00
8.733620000000e-05 2.455368510251e+00
9.218830000000e-05 2.454917853211e+00
9.704030000000e-05 2.454465879028e+00
1.007759840238e-04 2.454118723379e+00
1.018920000000e-04 2.402265896239e+00
1.050044280023e-04 2.251353181451e+00
1.067440000000e-04 2.412895752504e+00
1.070047330076e-04 2.436185459790e+00
1.071591967146e-04 2.429090800930e+00
1.073136604216e-04 2.421974306384e+00
1.074642625359e-04 2.414837898615e+00
1.076187262429e-04 2.407680336187e+00
1.077731899498e-04 2.400501432187e+00
1.080782557711e-04 2.386077761381e+00
1.082327194781e-04 2.378833665482e+00
1.083833215924e-04 2.371566368622e+00
1.085377852994e-04 2.364277810549e+00
1.086883874137e-04 2.356966716195e+00
1.088428511206e-04 2.349632870456e+00
1.089973148276e-04 2.342274972660e+00
1.091479169419e-04 2.334894983366e+00
1.093023806489e-04 2.327491591397e+00
1.094568443559e-04 2.320063475348e+00
1.096074464702e-04 2.312612606003e+00
1.097619101771e-04 2.305137651013e+00
1.099163738841e-04 2.297638377724e+00
1.100669759984e-04 2.290113435518e+00
1.102214397054e-04 2.282564801318e+00
1.103759034124e-04 2.274991120178e+00
1.105265055267e-04 2.267391018249e+00
1.106809692337e-04 2.259766482252e+00
1.115960000000e-04 2.345788033119e+00
1.126812742390e-04 2.443891723739e+00
1.164480000000e-04 2.405995686206e+00
1.176550056036e-04 2.393725375606e+00
1.207404181505e-04 2.243661221780e+00
1.208948818574e-04 2.235955725960e+00
1.210454839717e-04 2.228223587250e+00
1.211999476787e-04 2.220463371025e+00
1.213000000000e-04 2.215423008541e+00
1.213544113857e-04 2.212677091760e+00
1.261520000000e-04 2.093090811201e+00
1.287841156912e-04 2.024483162889e+00
1.310040000000e-04 2.187914073763e+00
1.312439502248e-04 2.204854176836e+00
1.313984139318e-04 2.197011417453e+00
1.315490160461e-04 2.189141730167e+00
1.317034797531e-04 2.181243646435e+00
1.318579434601e-04 2.173316860347e+00
1.320085455744e-04 2.165359882042e+00
1.321630092813e-04 2.157374735440e+00
1.323136113956e-04 2.149359926921e+00
1.324680751026e-04 2.141313924383e+00
1.326225388096e-04 2.133238770769e+00
1.327731409239e-04 2.125132936890e+00
1.329276046309e-04 2.116996062776e+00
1.330820683378e-04 2.108826582987e+00
1.332326704521e-04 2.100626550211e+00
1.333871341591e-04 2.092394378172e+00
1.335415978661e-04 2.084129689862e+00
1.336921999804e-04 2.075830871592e+00
1.338466636874e-04 2.067499972868e+00
1.340011273944e-04 2.059135369072e+00
1.341517295087e-04 2.050735407470e+00
1.343061932156e-04 2.042302142634e+00
1.344606569226e-04 2.033833909679e+00
1.358560000000e-04 2.031396405017e+00
1.407080000000e-04 2.022896034710e+00
1.445123826541e-04 2.016207225022e+00
1.446668463610e-04 2.007628926022e+00
1.448213100680e-04 1.999013815603e+00
1.449719121823e-04 1.990360137833e+00
1.455600000000e-04 1.989827088873e+00
1.504120000000e-04 1.985423612434e+00
1.548691742068e-04 1.981368424392e+00
1.550236379138e-04 1.972637283454e+00
1.551742400281e-04 1.963868629827e+00
1.552640000000e-04 1.958755065808e+00
1.553287037351e-04 1.955060644348e+00
1.554793058494e-04 1.946212804393e+00
1.556337695563e-04 1.937323234001e+00
1.557882332633e-04 1.928394007733e+00
1.559388353776e-04 1.919423248262e+00
1.560932990846e-04 1.910409024001e+00
1.562477627916e-04 1.901353406142e+00
1.563983649059e-04 1.892254457507e+00
1.565528286129e-04 1.883111538921e+00
1.567072923198e-04 1.873922650760e+00
1.568578944341e-04 1.864689855697e+00
1.570123581411e-04 1.855411111857e+00
1.601160000000e-04 1.852361851864e+00
1.648050521580e-04 1.882646712275e+00
1.649595158650e-04 1.880631691193e+00
1.649680000000e-04 1.880518321624e+00
1.651101179793e-04 1.878618247688e+00
1.652645816863e-04 1.876598900997e+00
1.698200000000e-04 1.871178686952e+00
1.708677526569e-04 1.869929782115e+00
1.726131925457e-04 1.761161905431e+00
1.746720000000e-04 1.807261234470e+00
1.751811516742e-04 1.818481571402e+00
1.753896776786e-04 1.820473575215e+00
1.756059268683e-04 1.822537901043e+00
1.769150067850e-04 1.849935979869e+00
1.770694704919e-04 1.840419670504e+00
1.772239341989e-04 1.830855292095e+00
1.773745363132e-04 1.821244779931e+00
1.775290000202e-04 1.811579168968e+00
1.776834637272e-04 1.801860294086e+00
1.778340658415e-04 1.792094296414e+00
1.779885295484e-04 1.782270603543e+00
1.781429932554e-04 1.772392462539e+00
1.782935953697e-04 1.762461740308e+00
1.795250000000e-04 1.758514086697e+00
1.798614019955e-04 1.757434102502e+00
1.843770000000e-04 1.748780811270e+00
1.883646290646e-04 1.741103410419e+00
1.892290000000e-04 1.728817421610e+00
1.913689481652e-04 1.698018274237e+00
1.933692531706e-04 1.660995728422e+00
1.940810000000e-04 1.667602837065e+00
1.966631917218e-04 1.691356456214e+00
1.982773374597e-04 1.714410162854e+00
1.984279395740e-04 1.704561133874e+00
1.985824032810e-04 1.694661246235e+00
1.987368669880e-04 1.684701669976e+00
1.988874691023e-04 1.674677930061e+00
1.989330000000e-04 1.671713693646e+00
1.990419328093e-04 1.664600327350e+00
2.037850000000e-04 1.661602277500e+00
2.053440520539e-04 1.660615632836e+00
2.054946541682e-04 1.658150449176e+00
2.056491178752e-04 1.655672611191e+00
2.057997199895e-04 1.653199742775e+00
2.059541836964e-04 1.650714473451e+00
2.061086474034e-04 1.648225456728e+00
2.062592495177e-04 1.645741398358e+00
2.086370000000e-04 1.639660696895e+00
2.091245512821e-04 1.638411077441e+00
2.092983229525e-04 1.626214261303e+00
2.094527866595e-04 1.615533309559e+00
2.134890000000e-04 1.610724529622e+00
2.183410000000e-04 1.604924743490e+00
2.193307407206e-04 1.603739091921e+00
2.194813428349e-04 1.592908291009e+00
2.196358065418e-04 1.582000875836e+00
2.197864086562e-04 1.571020216215e+00
2.199408723631e-04 1.559961400288e+00
2.231930000000e-04 1.550656113615e+00
2.233081811752e-04 1.550325519168e+00
2.274516701148e-04 1.531876767615e+00
2.280450000000e-04 1.529348811408e+00
2.328970000000e-04 1.508517445008e+00
2.343330282606e-04 1.502296623998e+00
2.377490000000e-04 1.524453636367e+00
2.397083652634e-04 1.537018582214e+00
2.398628289704e-04 1.525746115449e+00
2.400134310847e-04 1.514391451408e+00
2.426010000000e-04 1.506792984755e+00
2.474530000000e-04 1.492440527675e+00
2.523050000000e-04 1.477948699524e+00
2.542047841631e-04 1.472235612260e+00
2.571570000000e-04 1.483749328605e+00
2.579119131305e-04 1.486679192937e+00
2.620090000000e-04 1.476959305291e+00
2.668610000000e-04 1.465365085204e+00
2.699716670527e-04 1.457883405800e+00
2.717130000000e-04 1.456854643668e+00
2.765650000000e-04 1.453984290749e+00
2.814170000000e-04 1.451108107538e+00
2.862690000000e-04 1.448226365183e+00
2.911210000000e-04 1.445338877184e+00
2.935930294420e-04 1.443298885519e+00
3.013702770882e-04 1.438682648459e+00
3.316065477288e-04 1.423795428330e+00
3.332168318740e-04 1.423151203329e+00
3.581704437359e-04 1.413182756845e+00
3.909669503196e-04 1.425518201669e+00
3.969369725943e-04 1.427729731023e+00
3.999721844363e-04 1.444342904517e+00
4.257135612039e-04 1.461746187719e+00
4.306216454930e-04 1.468679010789e+00
4.393758760859e-04 1.481036501185e+00
4.544669802575e-04 1.497039884353e+00
4.575253616556e-04 1.511109517764e+00
4.629470377704e-04 1.589072605787e+00
4.730798569481e-04 1.560620355649e+00
4.732343206550e-04 1.549522787397e+00
4.733887843620e-04 1.538345163758e+00
4.735393864763e-04 1.527084039565e+00
4.770457126247e-04 1.575731053249e+00
4.811660320083e-04 1.675839801197e+00
4.883447327900e-04 1.656442510759e+00
4.913104359639e-04 1.648367183836e+00
4.914610380782e-04 1.637864494557e+00
4.916155017852e-04 1.627292475258e+00
4.917699654922e-04 1.616652900465e+00
4.919167060138e-04 1.606211279704e+00
4.920595849427e-04 1.596241682717e+00
4.952724300478e-04 1.662611778777e+00
5.194305538189e-04 1.721552993535e+00
5.195850175259e-04 1.711499491703e+00
5.197394812328e-04 1.701386584716e+00
5.198900833471e-04 1.691213185981e+00
5.200329622761e-04 1.681797632202e+00
5.235470116098e-04 1.735421204804e+00
5.279723968147e-04 1.842975544128e+00
5.321351937177e-04 1.938742888779e+00
5.355565648272e-04 1.928611940709e+00
5.357110285342e-04 1.919644406311e+00
5.358616306485e-04 1.910633397852e+00
5.360160943554e-04 1.901581081580e+00
5.361705580624e-04 1.892485465904e+00
5.363211601767e-04 1.883344517863e+00
5.364756238837e-04 1.874160399165e+00
5.366300875907e-04 1.864931052515e+00
5.367806897050e-04 1.855655751478e+00
5.369351534119e-04 1.846332525245e+00
5.370896171189e-04 1.836963369970e+00
5.372402192332e-04 1.827546130736e+00
5.373946829402e-04 1.818078762252e+00
5.375491466472e-04 1.808563245946e+00
5.376997487615e-04 1.798997346286e+00
5.378542124685e-04 1.789380362242e+00
5.380086761754e-04 1.779709978216e+00
5.381592782897e-04 1.769988147961e+00
5.383137419967e-04 1.760212678274e+00
5.384682057037e-04 1.750382615770e+00
5.523390465901e-04 2.080278220120e+00
5.525359878165e-04 2.069716631770e+00
5.526865899308e-04 2.061362989185e+00
5.528410536378e-04 2.052974159352e+00
5.529955173448e-04 2.044552158249e+00
5.531461194591e-04 2.036095274087e+00
5.533005831661e-04 2.027603164821e+00
5.534511852804e-04 2.019074027445e+00
5.536056489873e-04 2.010510024132e+00
5.537601126943e-04 2.001909385055e+00
5.539107148086e-04 1.993270307880e+00
5.540651785156e-04 1.984594958452e+00
5.542196422226e-04 1.975881519208e+00
5.543702443369e-04 1.967129435321e+00
5.545247080438e-04 1.958336983537e+00
5.546791717508e-04 1.949506186172e+00
5.857225152603e-04 1.945110684151e+00
5.937353200597e-04 1.944062912270e+00
5.938859221740e-04 1.935168598275e+00
5.940403858810e-04 1.926233308233e+00
5.941948495880e-04 1.917255045290e+00
5.943454517023e-04 1.908235783539e+00
5.944999154092e-04 1.899173783405e+00
5.946505175235e-04 1.890068241218e+00
5.948049812305e-04 1.880917357941e+00
5.949594449375e-04 1.871723099552e+00
5.951100470518e-04 1.862483357855e+00
5.952645107588e-04 1.853196268405e+00
5.954189744657e-04 1.843863786516e+00
5.955695765800e-04 1.834483731221e+00
5.967975630505e-04 1.757639801482e+00
5.972261998374e-04 1.729938017211e+00
5.973768019517e-04 1.719935271233e+00
5.975312656586e-04 1.709875606945e+00
5.976857293656e-04 1.699756407612e+00
5.978363314799e-04 1.689576497856e+00
5.979907951869e-04 1.679333466900e+00
5.981413973012e-04 1.669028996135e+00
6.009101592487e-04 1.743550738684e+00
6.026633223229e-04 1.626419990597e+00
6.055247624946e-04 1.821517305134e+00
6.056753646089e-04 1.812021575421e+00
6.058298283159e-04 1.802474504878e+00
6.059842920229e-04 1.792878020037e+00
6.061348941372e-04 1.783229792152e+00
6.062893578442e-04 1.773529178112e+00
6.064438215511e-04 1.763773765696e+00
6.080347977330e-04 1.658932084913e+00
6.081892614400e-04 1.648498654321e+00
6.083398635543e-04 1.638000216784e+00
6.285012389073e-04 1.624651945142e+00
6.422214776795e-04 1.615636609103e+00
6.830732665819e-04 1.617657340850e+00
7.073549613186e-04 1.618776948142e+00
7.157848181268e-04 1.619156630922e+00
7.198510752129e-04 1.607240645460e+00
7.394949971476e-04 1.596057248324e+00
7.585210642544e-04 1.582703385476e+00
7.804317410889e-04 1.572125282970e+00
7.888809058605e-04 1.567969326375e+00
7.919277024806e-04 1.566254965452e+00
8.141279987657e-04 1.553524337747e+00
8.500021947109e-04 1.542055664469e+00
8.778018003739e-04 1.535060088505e+00
8.923561431637e-04 1.531308381196e+00
8.975461237181e-04 1.530298462634e+00
9.509519504051e-04 1.518208364865e+00
9.751795828443e-04 1.512597658748e+00
9.794311963788e-04 1.511610909672e+00
1.004898400066e-03 1.503864967611e+00
1.009547757646e-03 1.502482158159e+00
1.034265812355e-03 1.490404270603e+00
1.038922893121e-03 1.488021302941e+00
1.061710151492e-03 1.476846628239e+00
1.067058457346e-03 1.472360892773e+00
1.068286443817e-03 1.471637266218e+00
1.072561226907e-03 1.468741425399e+00
1.077581297384e-03 1.465333402547e+00
1.095723059768e-03 1.454952689970e+00
1.109574592691e-03 1.448360995278e+00
1.128616106169e-03 1.437550445465e+00
1.136594156634e-03 1.431401772963e+00
1.136825852195e-03 1.431279155961e+00
1.158860099995e-03 1.417776614747e+00
1.169939009378e-03 1.409292134220e+00
1.176013294654e-03 1.404618556255e+00
1.178689378378e-03 1.402610288550e+00
1.183736480003e-03 1.402671149549e+00
1.204820776005e-03 1.387782093933e+00
1.215189152336e-03 1.380874968271e+00
1.224534206608e-03 1.374471044478e+00
1.244243775618e-03 1.360951192726e+00
1.254372733203e-03 1.353950284912e+00
1.263949483036e-03 1.348076426488e+00
1.267320653441e-03 1.345980681986e+00
1.283666775231e-03 1.335772218047e+00
1.300511042477e-03 1.325431464200e+00
1.303364759463e-03 1.323538538271e+00
1.323074328474e-03 1.310169020099e+00
1.339211924260e-03 1.299338968833e+00
1.342768451113e-03 1.297229496849e+00
1.364698435911e-03 1.285824198496e+00
1.372186064107e-03 1.281906811303e+00
1.378341442830e-03 1.276456095580e+00
1.378858896248e-03 1.276043505193e+00
1.411470046383e-03 1.262995027486e+00
1.420687668097e-03 1.259262749153e+00
1.447351965514e-03 1.250096553647e+00
1.462076218381e-03 1.245071093054e+00
1.479283475338e-03 1.239172345262e+00
1.483222299866e-03 1.237988428836e+00
1.522344095251e-03 1.226390869184e+00
1.540636459749e-03 1.221524277595e+00
1.559457862444e-03 1.217685880572e+00
1.584175917153e-03 1.212626477023e+00
1.613531744664e-03 1.205305564430e+00
1.620220023176e-03 1.203926449683e+00
1.656835644915e-03 1.208688820951e+00
1.679082280312e-03 1.211573163700e+00
1.703375559827e-03 1.214427349174e+00
1.710515644682e-03 1.196713619986e+00
1.740489327020e-03 1.186675696133e+00
1.754213427385e-03 1.182100019880e+00
1.771903383426e-03 1.176175850160e+00
1.799092857447e-03 1.168347689455e+00
1.833256367837e-03 1.158260644442e+00
1.851595071448e-03 1.155546795242e+00
1.857711834244e-03 1.154640188801e+00
1.916338534227e-03 1.145710568059e+00
1.927934897028e-03 1.143446553347e+00
1.948972853918e-03 1.139014343333e+00
1.952243622914e-03 1.138354521825e+00
1.991353833520e-03 1.131622925290e+00
2.025413080908e-03 1.125503032390e+00
2.030479490497e-03 1.124196847199e+00
2.046339051611e-03 1.120013451747e+00
2.069609009067e-03 1.113679232709e+00
2.083943241074e-03 1.109740461988e+00
2.108746250822e-03 1.107074888516e+00
2.143716834081e-03 1.103211434572e+00
2.147887354169e-03 1.102729401246e+00
2.181336469915e-03 1.098764782854e+00
2.187032319110e-03 1.098419244603e+00
2.226181145643e-03 1.095934713565e+00
2.241098478144e-03 1.095067674848e+00
2.265322248991e-03 1.093480532486e+00
2.278671774866e-03 1.092568569469e+00
2.304467213931e-03 1.091055978770e+00
2.338491706985e-03 1.088965153507e+00
2.343619902057e-03 1.088700160744e+00
2.375999356632e-03 1.087202201150e+00
2.382761005404e-03 1.086889128739e+00
2.421894385567e-03 1.085182739218e+00
2.435869489455e-03 1.084572848798e+00
2.461031627322e-03 1.083287059506e+00
2.473326938397e-03 1.082658091111e+00
2.500165007484e-03 1.081283914964e+00
2.533258856704e-03 1.079495803283e+00
2.539306110832e-03 1.079258892621e+00
2.570654520163e-03 1.078116766379e+00
2.578443352587e-03 1.077781449473e+00
2.617569009564e-03 1.076311811264e+00
2.630628915989e-03 1.075748437817e+00
2.656702389726e-03 1.074427588479e+00
2.667985963521e-03 1.073855445432e+00
2.695839631481e-03 1.072810213896e+00
2.728006698459e-03 1.071601929230e+00
2.734973011644e-03 1.071497035479e+00
2.765309683694e-03 1.071040428697e+00
2.774110253399e-03 1.070937278739e+00
2.813243633561e-03 1.070478094481e+00
2.825357449781e-03 1.070336033362e+00
2.852380875316e-03 1.069476805756e+00
2.862625680681e-03 1.069150783130e+00
2.891514255479e-03 1.068518930385e+00
2.922735232251e-03 1.067922886751e+00
2.930647635641e-03 1.067930829055e+00
2.959933954484e-03 1.067878390882e+00
2.969781015803e-03 1.068056984740e+00
3.008925980744e-03 1.068603669039e+00
3.020085983573e-03 1.068728184818e+00
3.048070945684e-03 1.068478294204e+00
3.057226781915e-03 1.068383882489e+00
3.087223633810e-03 1.068373877976e+00
3.117463766043e-03 1.068363842009e+00
3.126372460343e-03 1.068338579940e+00
3.154508024569e-03 1.068297899247e+00
3.165521286876e-03 1.068391902695e+00
3.204658528631e-03 1.068943642210e+00
3.214841548513e-03 1.069172379442e+00
3.243784185608e-03 1.070402224167e+00
3.251777682444e-03 1.070785923528e+00
3.282894396214e-03 1.072438032243e+00
3.312196161428e-03 1.074884799334e+00
3.344733941302e-03 1.077109804181e+00
3.345803602473e-03 1.077178497132e+00
3.403329748544e-03 1.083407951488e+00
3.409570082305e-03 1.084133952957e+00
3.446270659083e-03 1.088303027834e+00
3.464690456140e-03 1.090089040833e+00
3.506947864776e-03 1.094667667270e+00
3.539956758957e-03 1.098794919426e+00
3.543513285810e-03 1.099260711143e+00
3.604302477690e-03 1.110773618833e+00
3.615199892217e-03 1.112641279528e+00
3.636376866444e-03 1.116361366830e+00
3.701676398568e-03 1.129349458813e+00
3.715504761935e-03 1.132047886752e+00
3.715647640864e-03 1.132073440032e+00
3.776695559453e-03 1.145727209010e+00
3.797915011199e-03 1.150548773927e+00
3.799054181038e-03 1.150825594605e+00
3.834959269725e-03 1.160014307622e+00
3.874841798866e-03 1.172259431653e+00
3.883487904864e-03 1.174738921122e+00
3.896416517138e-03 1.178202233421e+00
3.932028124781e-03 1.187851302815e+00
3.932939460652e-03 1.188145230031e+00
3.974069284227e-03 1.201580227579e+00
3.993771130052e-03 1.209547191197e+00
4.008209625062e-03 1.215479800919e+00
4.012847397864e-03 1.217371744267e+00
4.051610065129e-03 1.234010437342e+00
4.077413227380e-03 1.248747870900e+00
4.086275582567e-03 1.251924255885e+00
4.091114158188e-03 1.253661551854e+00
4.123134484644e-03 1.265098853998e+00
4.152976872832e-03 1.282810521417e+00
4.164337678480e-03 1.286396161236e+00
4.188457186325e-03 1.294187324271e+00
4.193724398732e-03 1.295926050164e+00
4.237769724777e-03 1.323507379567e+00
4.239573088556e-03 1.324435275141e+00
4.280791728762e-03 1.345972818455e+00
4.285788629683e-03 1.348730632332e+00
4.319496472138e-03 1.366924815550e+00
4.339812311198e-03 1.378602293625e+00
4.358181907550e-03 1.389213768671e+00
4.383127796226e-03 1.404138915162e+00
4.393635189893e-03 1.410498041133e+00
4.412271236140e-03 1.426157418906e+00
4.437228709595e-03 1.435741969456e+00
4.457695150769e-03 1.443809949666e+00
4.464464522727e-03 1.458354872016e+00
4.480451516399e-03 1.465910899547e+00
4.496743575893e-03 1.473541640494e+00
4.503065003101e-03 1.486801114650e+00
4.534564014546e-03 1.501503104589e+00
4.535340194673e-03 1.501866924356e+00
4.551377389050e-03 1.516935202011e+00
4.560958000475e-03 1.529112189560e+00
4.577779098165e-03 1.538073206977e+00
4.586108553564e-03 1.542520158415e+00
4.605397208972e-03 1.556725975531e+00
4.618854859443e-03 1.570003342735e+00
4.631872288348e-03 1.577856317548e+00
4.644623267359e-03 1.585522436125e+00
4.663240005642e-03 1.600988282286e+00
4.675102818338e-03 1.608167104632e+00
4.689645576350e-03 1.616996674705e+00
4.695970865150e-03 1.628993439069e+00
4.724986872506e-03 1.644070262267e+00
4.729172838965e-03 1.647265279338e+00
4.744260081544e-03 1.658710120731e+00
4.763525567396e-03 1.673732993304e+00
4.772414953733e-03 1.684121612350e+00
4.775017667195e-03 1.687171903421e+00
4.798835970811e-03 1.701925610566e+00
4.824588932357e-03 1.717556988426e+00
4.826484974360e-03 1.723146682251e+00
4.828940947301e-03 1.730355137656e+00
4.859856858252e-03 1.747593022708e+00
4.869383407380e-03 1.761578486986e+00
4.869711642757e-03 1.761929620409e+00
4.878971741990e-03 1.771863179041e+00
4.888401751301e-03 1.791740311170e+00
4.894414251095e-03 1.781436054604e+00
4.914235806293e-03 1.801439468577e+00
4.923812556125e-03 1.809681202603e+00
4.927056293972e-03 1.812470726541e+00
4.931080073538e-03 1.821847805397e+00
4.946186624081e-03 1.834803420612e+00
4.950210403647e-03 1.844134738353e+00
4.965324677375e-03 1.856404819077e+00
4.966992885410e-03 1.860461316974e+00
4.969340733756e-03 1.866179175273e+00
4.984462730669e-03 1.877931265081e+00
4.988471063865e-03 1.888133331900e+00
5.003589199186e-03 1.900138830567e+00
5.007605255567e-03 1.909577509673e+00
5.012636910822e-03 1.941131638780e+00
5.021124691520e-03 1.924008877056e+00
5.022734975665e-03 1.920742547045e+00
5.032300140720e-03 1.931405434793e+00
5.045908393304e-03 1.949728603856e+00
5.060837310584e-03 1.972246634847e+00
5.060987912698e-03 1.963485431498e+00
5.064258681693e-03 1.969766865710e+00
5.079851792912e-03 1.999411452069e+00
5.080164581919e-03 1.981871695839e+00
5.085841123150e-03 1.991447579101e+00
5.105674263126e-03 2.009051228205e+00
5.118440688508e-03 2.018726442269e+00
5.118498612398e-03 2.018769924328e+00
5.122522391965e-03 2.027262550095e+00
5.140818618056e-03 2.042138051863e+00
5.158280740129e-03 2.055620216758e+00
5.160956823853e-03 2.057709667925e+00
5.181894379333e-03 2.070505781572e+00
5.207821112549e-03 2.084377994209e+00
5.214582761322e-03 2.095111321779e+00
5.215803024607e-03 2.095407430163e+00
5.265246857210e-03 2.107133726226e+00
5.265880158409e-03 2.107278522230e+00
5.313203976634e-03 2.109292125793e+00
5.344903790898e-03 2.110488392032e+00
5.356021316207e-03 2.108737511833e+00
5.380094484940e-03 2.105270418016e+00
5.410651267772e-03 2.102867380889e+00
5.438667122625e-03 2.100661680047e+00
5.453248496563e-03 2.098955292367e+00
5.497286099422e-03 2.094155039179e+00
5.508098558911e-03 2.091736279031e+00
5.523394327494e-03 2.088299323655e+00
5.546135246754e-03 2.086132427891e+00
5.565717383205e-03 2.084481518703e+00
5.598988865688e-03 2.078121541672e+00
5.605549711642e-03 2.076918375217e+00
5.628197952677e-03 2.072775288242e+00
5.630951268254e-03 2.072276204019e+00
5.670076925231e-03 2.065896085901e+00
5.702997002780e-03 2.060277921564e+00
5.705935674806e-03 2.059777725856e+00
5.709206443801e-03 2.059227523073e+00
5.748343685556e-03 2.052354718590e+00
5.783673396934e-03 2.045751143265e+00
5.787484788904e-03 2.045064910427e+00
5.800436570733e-03 2.041617373301e+00
5.818196035443e-03 2.037018795917e+00
5.852799767398e-03 2.029591621801e+00
5.861399534284e-03 2.025051901261e+00
5.869211536265e-03 2.020925891996e+00
5.869335107230e-03 2.014008787241e+00
5.892844483432e-03 2.008715258140e+00
5.897810491611e-03 2.007075040575e+00
5.918358026232e-03 2.000481744798e+00
5.934823857395e-03 1.988891464883e+00
5.936345324909e-03 1.988154648216e+00
5.954506395257e-03 1.979684232116e+00
5.974327950454e-03 1.962580984375e+00
5.979378913672e-03 1.971375191775e+00
5.997385520313e-03 1.958034572285e+00
6.001417023065e-03 1.955024420600e+00
6.002394006012e-03 1.954242477379e+00
6.016971518358e-03 1.942631579365e+00
6.030166580526e-03 1.932116164886e+00
6.055653092177e-03 1.922415174880e+00
6.056363625229e-03 1.922149541937e+00
6.059773411561e-03 1.913048253008e+00
6.070315559562e-03 1.905497900084e+00
6.091689475015e-03 1.895003361936e+00
6.092338222584e-03 1.894689731775e+00
6.113912940856e-03 1.884263497520e+00
6.115592733669e-03 1.883439314350e+00
6.119010243186e-03 1.873829794029e+00
6.135375672940e-03 1.867908767019e+00
6.138750704938e-03 1.860686774935e+00
6.155119996284e-03 1.854568898064e+00
6.158491166689e-03 1.847450256934e+00
6.169037176283e-03 1.839332860945e+00
6.172180512720e-03 1.838180574537e+00
6.182266992785e-03 1.834560381160e+00
6.194570027046e-03 1.830068448885e+00
6.197983674970e-03 1.820186095201e+00
6.208521961379e-03 1.812483102932e+00
6.229892015239e-03 1.801654659239e+00
6.230436499806e-03 1.801358333129e+00
6.253806858671e-03 1.788495567618e+00
6.276787196677e-03 1.775834675896e+00
6.286827337630e-03 1.769430603291e+00
6.288696348485e-03 1.768216300470e+00
6.296504488872e-03 1.763150852815e+00
6.316217919475e-03 1.750950989237e+00
6.335931350078e-03 1.738501153878e+00
6.346956197163e-03 1.731956988405e+00
6.355629334310e-03 1.726753655659e+00
6.375342764913e-03 1.714040330883e+00
6.384166504174e-03 1.708692300591e+00
6.395044610738e-03 1.702020691523e+00
6.405219907435e-03 1.692411884389e+00
6.410127991724e-03 1.687844612895e+00
6.429849145512e-03 1.674573037313e+00
6.444449827414e-03 1.661678239542e+00
6.463464309743e-03 1.650909275222e+00
6.466480213621e-03 1.649167385491e+00
6.481548148237e-03 1.639971655584e+00
6.490398918647e-03 1.634557765320e+00
6.508745345443e-03 1.619108155077e+00
6.521720296829e-03 1.609912978879e+00
6.528466499231e-03 1.605095350968e+00
6.552802256265e-03 1.593414432513e+00
6.569291256985e-03 1.577442524003e+00
6.578918207522e-03 1.573477639435e+00
6.579976283915e-03 1.573038347333e+00
6.588923594141e-03 1.569361460061e+00
6.602736511137e-03 1.558595898643e+00
6.618511117212e-03 1.547261535172e+00
6.638228409408e-03 1.539276103378e+00
6.676303713177e-03 1.523831270854e+00
6.677396543904e-03 1.523387216508e+00
6.696476673309e-03 1.516454460655e+00
6.706825741676e-03 1.512655115168e+00
6.732964862489e-03 1.504247771325e+00
6.754728798802e-03 1.499420282409e+00
6.763637493102e-03 1.497350677165e+00
6.773685357241e-03 1.496773976088e+00
6.812988647481e-03 1.494421270200e+00
6.831165164199e-03 1.493286220660e+00
6.871078586082e-03 1.490449376864e+00
6.871252357752e-03 1.490437098127e+00
6.892560626129e-03 1.487217390330e+00
6.929597161469e-03 1.482894058593e+00
6.951137125407e-03 1.485820091191e+00
6.968325074401e-03 1.488519323122e+00
6.968471814923e-03 1.488517914068e+00
7.012490109818e-03 1.488159169943e+00
7.026584923080e-03 1.488478351835e+00
7.065853458986e-03 1.489178785418e+00
7.087625118484e-03 1.489577501261e+00
7.092089119615e-03 1.489538243299e+00
7.159794423976e-03 1.491476899086e+00
7.163231241456e-03 1.491608287560e+00
7.169664654852e-03 1.491860409860e+00
7.223626550884e-03 1.492811508312e+00
7.260056816174e-03 1.492269031963e+00
7.260605162334e-03 1.492223993550e+00
7.298603234250e-03 1.489412824362e+00
7.310728635247e-03 1.488591593144e+00
7.357925020914e-03 1.490676065476e+00
7.376348679563e-03 1.491622696665e+00
7.391501569218e-03 1.492422328878e+00
7.447274552214e-03 1.490343311030e+00
7.454090263284e-03 1.490703344263e+00
7.455202401975e-03 1.490743256765e+00
7.528047486185e-03 1.493355510178e+00
7.531855016562e-03 1.493464696567e+00
7.552475921443e-03 1.493559281780e+00
7.629101504881e-03 1.493354707792e+00
7.633897602983e-03 1.492980859943e+00
7.649795780023e-03 1.491797564653e+00
7.726479287351e-03 1.484848403033e+00
7.731387371640e-03 1.484198827681e+00
7.747219901605e-03 1.482365728989e+00
7.823926578490e-03 1.472965064007e+00
7.828857832335e-03 1.472304859864e+00
7.844682639115e-03 1.470260724083e+00
7.921389315999e-03 1.460235710258e+00
7.926316708251e-03 1.459598404052e+00
7.942149238217e-03 1.457663881660e+00
8.018852053508e-03 1.448255526943e+00
8.023771722575e-03 1.447650061738e+00
8.039615837318e-03 1.445737063402e+00
8.116314791017e-03 1.436440556455e+00
8.121219013714e-03 1.435834883256e+00
8.137086298013e-03 1.433991117386e+00
8.213777528526e-03 1.425084628288e+00
8.218662443260e-03 1.424405342193e+00
8.234549035522e-03 1.422273121695e+00
8.311282743555e-03 1.412320282754e+00
8.316094288027e-03 1.411403635858e+00
8.331984741883e-03 1.408332278995e+00
8.389360285839e-03 1.397511729819e+00
8.413533855981e-03 1.393362323460e+00
8.429385693909e-03 1.390836278663e+00
8.464630450248e-03 1.385203398925e+00
8.510954115970e-03 1.376348666059e+00
8.526786645935e-03 1.373227420413e+00
8.528779227755e-03 1.372841421662e+00
8.604045530572e-03 1.360698344714e+00
8.608382099145e-03 1.360190916020e+00
8.624164428406e-03 1.358342904919e+00
8.682041979410e-03 1.351544184743e+00
8.705810082320e-03 1.349368268497e+00
8.721546072469e-03 1.348008264293e+00
8.779496993733e-03 1.342707826350e+00
8.803234203903e-03 1.340625279371e+00
8.818950886088e-03 1.339244595856e+00
8.876948146465e-03 1.334388099885e+00
8.900654463893e-03 1.332350710421e+00
8.916332530151e-03 1.331001601959e+00
8.974399299196e-03 1.325929716917e+00
8.998078585475e-03 1.323903308704e+00
9.013721897399e-03 1.322646470630e+00
9.071850451927e-03 1.317711459883e+00
9.095491122280e-03 1.315603104011e+00
9.111134434204e-03 1.314206452171e+00
9.169305466251e-03 1.308647694873e+00
9.192907520677e-03 1.306482093861e+00
9.208581725342e-03 1.305467138731e+00
9.266756618982e-03 1.301532189152e+00
9.290293026332e-03 1.299937116578e+00
9.306044462851e-03 1.299384587902e+00
9.364203910120e-03 1.297342433091e+00
9.387643777654e-03 1.296518164905e+00
9.403507200360e-03 1.296220674240e+00
9.461655062852e-03 1.295129594167e+00
9.484971359420e-03 1.294692144092e+00
9.500966076277e-03 1.294479435645e+00
9.559102353990e-03 1.293706279890e+00
9.582298941185e-03 1.293445242379e+00
9.598428813786e-03 1.293042578485e+00
9.656549645128e-03 1.291655251704e+00
9.679638107729e-03 1.291151837399e+00
9.695883828110e-03 1.290708074950e+00
9.753993074674e-03 1.289151940536e+00
9.776981135865e-03 1.288918186205e+00
9.793338842434e-03 1.288661614823e+00
9.851413334664e-03 1.287652821406e+00
9.874335748779e-03 1.287301661731e+00
9.890797718350e-03 1.287095038744e+00
9.948829733061e-03 1.286463888684e+00
9.971682638508e-03 1.286643774226e+00
9.988252732674e-03 1.286774189195e+00
1.004621910031e-02 1.287230278825e+00
1.006902952824e-02 1.287219817099e+00
1.008570388541e-02 1.287166299533e+00
1.014361619074e-02 1.286980439307e+00
1.016638414115e-02 1.287191917394e+00
1.018315889973e-02 1.287301259796e+00
1.024100169640e-02 1.287678431998e+00
1.026373875407e-02 1.287447857648e+00
1.028061005246e-02 1.287183982776e+00
1.033840651002e-02 1.286279369909e+00
1.036109722857e-02 1.286066277598e+00
1.037806120519e-02 1.285766204224e+00
1.043580360045e-02 1.284841407903e+00
1.045846728786e-02 1.284194153111e+00
1.047550463474e-02 1.283895891320e+00
1.053321999885e-02 1.282852429752e+00
1.055582576236e-02 1.282207593256e+00
1.057295192588e-02 1.281339906763e+00
1.063065184362e-02 1.278380059077e+00
1.065320740643e-02 1.276984886484e+00
1.067040307861e-02 1.275729212029e+00
1.072809913476e-02 1.271637424345e+00
1.075060449686e-02 1.270037776545e+00
1.076783878497e-02 1.268859447050e+00
1.082554642589e-02 1.265004774798e+00
1.084799386411e-02 1.263549634496e+00
1.086526676814e-02 1.262622702740e+00
1.092298985544e-02 1.259618944771e+00
1.094537164658e-02 1.258452326167e+00
1.096268702813e-02 1.257549044346e+00
1.102043328499e-02 1.254598352314e+00
1.104275329064e-02 1.253408393037e+00
1.106009956494e-02 1.252286142280e+00
1.111787671453e-02 1.248540862334e+00
1.114014265789e-02 1.247142283113e+00
1.115751210174e-02 1.245951966040e+00
1.121532400567e-02 1.242015415607e+00
1.123754360992e-02 1.240546908009e+00
1.125492463855e-02 1.239545723610e+00
1.131276357362e-02 1.236140930981e+00
1.133492911557e-02 1.234785682471e+00
1.135233717535e-02 1.233520309181e+00
1.141020700317e-02 1.229236534956e+00
1.143233006760e-02 1.227594940659e+00
1.144976129693e-02 1.226199067104e+00
1.150765043271e-02 1.221551905591e+00
1.152973874281e-02 1.219822521253e+00
1.154718155692e-02 1.218827394248e+00
1.154780000000e-02 1.219067309574e+00
1.157585774412e-02 1.217411350005e+00
1.158816850157e-02 1.217479752918e+00
1.159630000000e-02 1.217348563941e+00
1.164480000000e-02 1.213277226894e+00
1.169340000000e-02 1.208180181377e+00
1.174190000000e-02 1.201451211562e+00
1.179040000000e-02 1.193399874994e+00
1.183890000000e-02 1.184324802029e+00
1.188740000000e-02 1.174526019358e+00
1.193600000000e-02 1.164296941490e+00
1.198450000000e-02 1.153977781892e+00
1.203300000000e-02 1.143852541935e+00
1.208150000000e-02 1.134239542035e+00
1.213000000000e-02 1.125445352829e+00
1.217860000000e-02 1.117109902099e+00
1.222710000000e-02 1.108729226016e+00
1.227560000000e-02 1.100326869327e+00
1.232410000000e-02 1.091932658255e+00
1.237260000000e-02 1.083586374081e+00
1.242120000000e-02 1.075311072536e+00
1.246970000000e-02 1.067171527272e+00
1.251820000000e-02 1.059195163197e+00
1.256670000000e-02 1.051411386237e+00
1.261520000000e-02 1.043859755078e+00
1.266380000000e-02 1.036264225610e+00
1.271230000000e-02 1.028401309195e+00
1.276080000000e-02 1.020299681888e+00
1.280930000000e-02 1.012010864494e+00
1.285780000000e-02 1.003577035891e+00
1.290640000000e-02 9.950390688542e-01
1.295490000000e-02 9.864719675588e-01
1.300340000000e-02 9.779117724006e-01
1.305190000000e-02 9.694102463510e-01
1.310040000000e-02 9.610103268463e-01
1.314900000000e-02 9.527504078522e-01
1.319750000000e-02 9.447137200771e-01
1.324600000000e-02 9.369330615830e-01
1.329450000000e-02 9.294617094248e-01
1.334300000000e-02 9.223486382205e-01
1.339160000000e-02 9.156336092770e-01
1.344010000000e-02 9.093930278516e-01
1.348860000000e-02 9.036652466702e-01
1.353710000000e-02 8.984987067607e-01
1.358560000000e-02 8.939422302874e-01
1.363420000000e-02 8.896780761983e-01
1.368270000000e-02 8.853873473084e-01
1.373120000000e-02 8.810754949679e-01
1.377970000000e-02 8.767576949288e-01
1.382820000000e-02 8.724443189816e-01
1.387680000000e-02 8.681418094354e-01
1.392530000000e-02 8.638800701729e-01
1.397380000000e-02 8.596627249676e-01
1.402230000000e-02 8.555029668742e-01
1.407080000000e-02 8.514130559731e-01
1.411940000000e-02 8.473973218379e-01
1.416790000000e-02 8.434870664027e-01
1.421640000000e-02 8.396833126235e-01
1.426490000000e-02 8.360007268674e-01
1.431340000000e-02 8.324508117407e-01
1.436200000000e-02 8.290375985698e-01
1.441050000000e-02 8.257882058736e-01
1.445900000000e-02 8.227076380485e-01
1.450750000000e-02 8.198059457630e-01
1.455600000000e-02 8.170956973765e-01
1.460460000000e-02 8.144503868730e-01
1.465310000000e-02 8.117583320075e-01
1.470160000000e-02 8.090254652252e-01
1.475010000000e-02 8.062608440501e-01
1.479860000000e-02 8.034732183285e-01
1.484720000000e-02 8.006666126247e-01
1.489570000000e-02 7.978622192214e-01
1.494420000000e-02 7.950636768823e-01
1.499270000000e-02 7.922798844030e-01
1.504120000000e-02 7.895201867483e-01
1.508980000000e-02 7.867878825409e-01
1.513830000000e-02 7.841029183248e-01
1.518680000000e-02 7.814681414008e-01
1.523530000000e-02 7.788933237920e-01
1.528380000000e-02 7.763858533612e-01
1.533240000000e-02 7.739504314678e-01
1.538090000000e-02 7.716049720670e-01
1.542940000000e-02 7.693528501637e-01
1.547790000000e-02 7.672021717765e-01
1.552640000000e-02 7.651621737106e-01
1.557500000000e-02 7.633636667425e-01
1.562350000000e-02 7.619160309279e-01
1.567200000000e-02 7.607703858871e-01
1.572050000000e-02 7.598830791780e-01
1.576900000000e-02 7.592114470414e-01
1.581760000000e-02 7.587105051640e-01
1.586610000000e-02 7.583419140884e-01
1.591460000000e-02 7.580625415649e-01
1.596310000000e-02 7.578329311422e-01
1.601160000000e-02 7.576129306407e-01
1.606020000000e-02 7.573638393175e-01
1.610870000000e-02 7.570497065794e-01
1.615720000000e-02 7.566321777241e-01
1.620570000000e-02 7.560757739777e-01
1.625420000000e-02 7.553453428676e-01
1.630280000000e-02 7.544035677723e-01
1.635130000000e-02 7.532209739402e-01
1.639980000000e-02 7.517603929915e-01
1.644830000000e-02 7.499898490310e-01
1.649680000000e-02 7.478744526122e-01
1.654540000000e-02 7.455280661789e-01
1.659390000000e-02 7.431190737121e-01
1.664240000000e-02 7.406754333418e-01
1.669090000000e-02 7.382266113946e-01
1.673940000000e-02 7.358040370040e-01
1.678800000000e-02 7.334316219942e-01
1.683650000000e-02 7.311496206853e-01
1.688500000000e-02 7.289822727470e-01
1.693350000000e-02 7.269585619748e-01
1.698200000000e-02 7.251070189315e-01
1.703060000000e-02 7.237928462164e-01
1.707910000000e-02 7.232331157830e-01
1.712760000000e-02 7.232192648014e-01
1.717610000000e-02 7.235502499110e-01
1.722460000000e-02 7.240293918078e-01
1.727320000000e-02 7.244643833690e-01
1.732170000000e-02 7.246681172229e-01
1.737020000000e-02 7.244591701836e-01
1.741870000000e-02 7.236594645548e-01
1.746720000000e-02 7.220942565484e-01
1.751580000000e-02 7.201392833578e-01
1.756430000000e-02 7.182986610949e-01
1.761280000000e-02 7.165604919547e-01
1.766130000000e-02 7.149178612194e-01
1.770980000000e-02 7.133637944002e-01
1.775840000000e-02 7.118887180722e-01
1.780690000000e-02 7.104918506448e-01
1.785540000000e-02 7.091629880766e-01
1.790390000000e-02 7.078953834241e-01
1.795250000000e-02 7.066802442759e-01
1.800100000000e-02 7.055160313398e-01
1.804950000000e-02 7.043936827883e-01
1.809800000000e-02 7.033059636985e-01
1.814650000000e-02 7.022480192872e-01
1.819510000000e-02 7.012101307634e-01
1.824360000000e-02 7.001913274605e-01
1.829210000000e-02 6.991831264030e-01
1.834060000000e-02 6.981795865950e-01
1.838910000000e-02 6.971745361435e-01
1.843770000000e-02 6.961605004733e-01
1.848620000000e-02 6.952040308913e-01
1.853470000000e-02 6.943615016016e-01
1.858320000000e-02 6.936194065104e-01
1.863170000000e-02 6.929657045047e-01
1.868030000000e-02 6.923846141842e-01
1.872880000000e-02 6.918685696343e-01
1.877730000000e-02 6.914014135256e-01
1.882580000000e-02 6.909731008339e-01
1.887430000000e-02 6.905698100725e-01
1.892290000000e-02 6.901808094859e-01
1.897140000000e-02 6.897941908683e-01
1.901990000000e-02 6.893982496050e-01
1.906840000000e-02 6.889827159751e-01
1.911690000000e-02 6.885347325846e-01
1.916550000000e-02 6.880437849167e-01
1.921400000000e-02 6.875011971736e-01
1.926250000000e-02 6.868938922297e-01
1.931100000000e-02 6.862134245355e-01
1.935950000000e-02 6.854471849416e-01
1.940810000000e-02 6.845848691878e-01
1.945660000000e-02 6.836038145901e-01
1.950510000000e-02 6.824902767922e-01
1.955360000000e-02 6.812539142124e-01
1.960210000000e-02 6.799039011290e-01
1.965070000000e-02 6.784454220315e-01
1.969920000000e-02 6.768937021662e-01
1.974770000000e-02 6.752546223760e-01
1.979620000000e-02 6.735358930218e-01
1.984470000000e-02 6.717457939704e-01
1.989330000000e-02 6.698881799355e-01
1.994180000000e-02 6.679786166021e-01
1.999030000000e-02 6.660212741458e-01
2.003880000000e-02 6.640235978098e-01
2.008730000000e-02 6.619923674387e-01
2.013590000000e-02 6.599309820933e-01
2.018440000000e-02 6.578555641081e-01
2.023290000000e-02 6.557679420579e-01
2.028140000000e-02 6.536757259200e-01
2.032990000000e-02 6.515856510148e-01
2.037850000000e-02 6.494999753041e-01
2.042700000000e-02 6.474360266139e-01
2.047550000000e-02 6.453928960905e-01
2.052400000000e-02 6.433713610840e-01
2.057250000000e-02 6.413699544723e-01
2.062110000000e-02 6.393847910579e-01
2.066960000000e-02 6.374235466178e-01
2.071810000000e-02 6.354818174884e-01
2.076660000000e-02 6.335591333514e-01
2.081510000000e-02 6.316557874336e-01
2.086370000000e-02 6.297671811952e-01
2.091220000000e-02 6.279000484587e-01
2.096070000000e-02 6.260512152909e-01
2.100920000000e-02 6.242205480986e-01
2.105770000000e-02 6.224064397052e-01
2.110630000000e-02 6.206060019215e-01
2.115480000000e-02 6.188255780447e-01
2.120330000000e-02 6.170618514918e-01
2.125180000000e-02 6.153138449322e-01
2.130030000000e-02 6.135810192040e-01
2.134890000000e-02 6.118607690599e-01
2.139740000000e-02 6.101593396035e-01
2.144590000000e-02 6.084748740827e-01
2.149440000000e-02 6.068090004419e-01
2.154290000000e-02 6.051640519539e-01
2.159150000000e-02 6.035369849817e-01
2.164000000000e-02 6.019374461597e-01
2.168850000000e-02 6.003620880635e-01
2.173700000000e-02 5.988144180495e-01
2.178550000000e-02 5.972937830614e-01
2.183410000000e-02 5.958008380469e-01
2.188260000000e-02 5.943333374433e-01
2.193110000000e-02 5.928823844448e-01
2.197960000000e-02 5.914487790364e-01
2.202810000000e-02 5.900351837308e-01
2.207670000000e-02 5.886390950034e-01
2.212520000000e-02 5.872680186045e-01
2.217370000000e-02 5.859205812807e-01
2.222220000000e-02 5.845987070536e-01
2.227070000000e-02 5.833028182215e-01
2.231930000000e-02 5.820324513599e-01
2.236780000000e-02 5.807364217509e-01
2.241630000000e-02 5.793586727503e-01
2.246480000000e-02 5.779065491449e-01
2.251330000000e-02 5.763868692264e-01
2.256190000000e-02 5.748025801439e-01
2.261040000000e-02 5.731673733846e-01
2.265890000000e-02 5.714842383370e-01
2.270740000000e-02 5.697605419315e-01
2.275590000000e-02 5.680022941768e-01
2.280450000000e-02 5.662124718404e-01
2.285300000000e-02 5.644057650132e-01
2.290150000000e-02 5.625834399631e-01
2.295000000000e-02 5.607541534109e-01
2.299850000000e-02 5.589224970706e-01
2.304710000000e-02 5.570929929375e-01
2.309560000000e-02 5.552791329535e-01
2.314410000000e-02 5.534824584383e-01
2.319260000000e-02 5.517111353056e-01
2.324110000000e-02 5.499714661916e-01
2.328970000000e-02 5.482661646853e-01
2.333820000000e-02 5.465759352712e-01
2.338670000000e-02 5.448696187689e-01
2.343520000000e-02 5.431483914154e-01
2.348370000000e-02 5.414160295523e-01
2.353230000000e-02 5.396704794726e-01
2.358080000000e-02 5.379218898602e-01
2.362930000000e-02 5.361687712382e-01
2.367780000000e-02 5.344136667818e-01
2.372630000000e-02 5.326598796847e-01
2.377490000000e-02 5.309064635404e-01
2.382340000000e-02 5.291621381291e-01
2.387190000000e-02 5.274274664755e-01
2.392040000000e-02 5.257038942445e-01
2.396890000000e-02 5.239956044421e-01
2.401750000000e-02 5.223007515886e-01
2.406600000000e-02 5.206296789153e-01
2.411450000000e-02 5.189820398883e-01
2.416300000000e-02 5.173603229650e-01
2.421150000000e-02 5.157685570099e-01
2.426010000000e-02 5.142046157161e-01
2.500000000000e-02 4.904828261714e-01
2.600000000000e-02 4.608476875140e-01
2.700000000000e-02 4.394583897347e-01
2.800000000000e-02 4.228852214890e-01
2.900000000000e-02 4.096486954160e-01
3.000000000000e-02 4.070361143416e-01
3.100000000000e-02 4.117881184245e-01
3.200000000000e-02 4.068148147432e-01
3.400000000000e-02 3.960072257153e-01
3.600000000000e-02 3.821458087610e-01
3.800000000000e-02 3.699192772273e-01
4.000000000000e-02 3.582840841938e-01
4.200000000000e-02 3.473889993098e-01
4.400000000000e-02 3.368574888664e-01
4.600000000000e-02 3.265813385723e-01
4.800000000000e-02 3.165647205997e-01
5.000000000000e-02 3.067582578562e-01
5.250000000000e-02 2.947936415330e-01
5.500000000000e-02 2.830412785997e-01
5.750000000000e-02 2.715195994246e-01
6.000000000000e-02 2.602836614530e-01
6.250000000000e-02 2.493169570452e-01
6.500000000000e-02 2.385996777550e-01
6.750000000000e-02 2.281803621490e-01
7.000000000000e-02 2.182197620771e-01
7.250000000000e-02 2.086156083217e-01
7.500000000000e-02 1.992631622453e-01
8.000000000000e-02 1.815452114705e-01
8.500000000000e-02 1.652065851540e-01
9.000000000000e-02 1.503149988044e-01
1.000000000000e-01 1.244080090035e-01
1.050000000000e-01 1.130411559202e-01
1.100000000000e-01 1.028669789562e-01
1.150000000000e-01 9.365422056796e-02
1.200000000000e-01 8.528145352284e-02
1.250000000000e-01 7.773129929017e-02
1.300000000000e-01 7.096969929863e-02
1.350000000000e-01 6.478652271448e-02
1.400000000000e-01 5.921468636691e-02
1.450000000000e-01 5.419385258730e-02
1.500000000000e-01 4.970234193585e-02
1.550000000000e-01 4.557416580652e-02
1.600000000000e-01 4.180126676641e-02
1.650000000000e-01 3.841086872072e-02
1.700000000000e-01 3.533372359968e-02
1.750000000000e-01 3.255130537283e-02
1.800000000000e-01 3.006590889703e-02
1.850000000000e-01 2.775432583891e-02
1.900000000000e-01 2.561509774881e-02
1.950000000000e-01 2.371891946495e-02
2.000000000000e-01 2.196555179485e-02
2.100000000000e-01 1.895041548650e-02
2.200000000000e-01 1.636395413312e-02
2.300000000000e-01 1.420489932809e-02
2.400000000000e-01 1.237185245303e-02
2.500000000000e-01 1.082989201447e-02
2.600000000000e-01 9.502343520078e-03
2.700000000000e-01 8.366465100942e-03
2.800000000000e-01 7.386789017468e-03
2.900000000000e-01 6.544363224317e-03
3.000000000000e-01 5.816012623434e-03
3.100000000000e-01 5.189679382682e-03
3.200000000000e-01 4.636499477514e-03
3.300000000000e-01 4.156819147991e-03
3.400000000000e-01 3.736262033300e-03
3.500000000000e-01 3.364542593895e-03
3.600000000000e-01 3.040698078822e-03
3.700000000000e-01 2.752406894113e-03
3.800000000000e-01 2.493504030797e-03
3.900000000000e-01 2.271548458368e-03
4.000000000000e-01 2.074098864136e-03
4.100000000000e-01 1.892937045127e-03
4.200000000000e-01 1.728624041257e-03
4.400000000000e-01 1.452408309439e-03
4.600000000000e-01 1.229610652247e-03
4.800000000000e-01 1.047004438120e-03
5.000000000000e-01 8.980041433390e-04
5.200000000000e-01 7.733897042838e-04
5.400000000000e-01 6.700513667950e-04
5.600000000000e-01 5.816090247109e-04
5.800000000000e-01 5.091942022422e-04
6.000000000000e-01 4.503013587164e-04
6.250000000000e-01 3.851152185523e-04
6.750000000000e-01 2.840364813045e-04
7.000000000000e-01 2.471763919957e-04
7.250000000000e-01 2.155720123682e-04
7.500000000000e-01 1.887163058801e-04
7.750000000000e-01 1.661750281792e-04
8.000000000000e-01 1.470038869726e-04
8.250000000000e-01 1.302965562241e-04
8.500000000000e-01 1.158619089861e-04
9.000000000000e-01 9.276725937573e-05
9.500000000000e-01 7.499133093436e-05
1.000000000000e+00 6.134086445770e-05
1.050000000000e+00 5.056642246124e-05
1.100000000000e+00 4.235373754766e-05
1.150000000000e+00 3.551833913144e-05
1.200000000000e+00 2.996249475661e-05
1.250000000000e+00 2.554802029813e-05
1.300000000000e+00 2.187393415527e-05
1.350000000000e+00 1.884845877116e-05
1.400000000000e+00 1.633961294385e-05
1.450000000000e+00 1.420620324870e-05
1.500000000000e+00 1.244297120063e-05
1.550000000000e+00 1.096473545647e-05
1.600000000000e+00 9.661232620279e-06
1.650000000000e+00 8.537916104828e-06
1.700000000000e+00 7.600778543342e-06
1.750000000000e+00 6.799289815142e-06
1.800000000000e+00 6.084135744941e-06
1.850000000000e+00 5.452432099512e-06
1.900000000000e+00 4.901296764590e-06
1.950000000000e+00 4.427380070232e-06
2.000000000000e+00 4.009633456422e-06
2.100000000000e+00 3.303730085414e-06
2.200000000000e+00 2.751103605115e-06
2.300000000000e+00 2.289787417737e-06
2.400000000000e+00 1.938296699903e-06
2.500000000000e+00 1.706445903068e-06
2.600000000000e+00 1.497338709618e-06
2.700000000000e+00 1.305900105972e-06
2.800000000000e+00 1.132572154101e-06
2.900000000000e+00 9.777848150144e-07
3.000000000000e+00 8.419805083549e-07
3.100000000000e+00 7.255979020383e-07
3.200000000000e+00 6.290766854110e-07
3.300000000000e+00 5.528552722258e-07
3.400000000000e+00 4.973589822825e-07
3.500000000000e+00 4.527553446820e-07
3.600000000000e+00 4.103483133668e-07
3.700000000000e+00 3.702805440264e-07
3.800000000000e+00 3.326940232754e-07
3.900000000000e+00 2.977326607683e-07
4.000000000000e+00 2.655370461776e-07
4.100000000000e+00 2.362505576454e-07
4.200000000000e+00 2.100159760095e-07
4.300000000000e+00 1.869755505522e-07
4.600000000000e+00 1.384440791503e-07
4.800000000000e+00 1.246724241812e-07
5.000000000000e+00 1.225091963404e-07
5.200000000000e+00 1.209141234072e-07
5.400000000000e+00 1.193328348859e-07
5.600000000000e+00 1.177653307765e-07
5.800000000000e+00 1.162116039475e-07
6.000000000000e+00 1.146716615305e-07
6.500000000000e+00 1.108812404134e-07
7.000000000000e+00 1.071745292872e-07
7.250000000000e+00 1.053529457052e-07
7.500000000000e+00 1.035517359196e-07
7.750000000000e+00 1.017709595368e-07
8.000000000000e+00 1.000110553555e-07
8.250000000000e+00 9.827097180114e-08
8.500000000000e+00 9.655170568557e-08
8.750000000000e+00 9.485215295841e-08
9.000000000000e+00 9.317284539512e-08
9.500000000000e+00 8.987322753742e-08
1.000000000000e+01 8.665254237491e-08
1.250000000000e+01 7.169410469819e-08
1.500000000000e+01 5.855847149668e-08
1.750000000000e+01 4.712779843862e-08
2.000000000000e+01 3.728417533495e-08
2.250000000000e+01 2.890977140867e-08
2.500000000000e+01 2.188662171147e-08
2.750000000000e+01 1.609686923245e-08
3.000000000000e+01 1.142265792913e-08
3.500000000000e+01 4.949189503169e-09
4.000000000000e+01 1.523176581604e-09
4.500000000000e+01 2.015150480846e-10
5.000000000000e+01 2.342594817198e-11
5.500000000000e+01 2.341873773906e-11
6.000000000000e+01 2.341148835976e-11
7.000000000000e+01 2.339702854753e-11
8.000000000000e+01 2.338257553753e-11
9.000000000000e+01 2.336811572530e-11
1.000000000000e+02 2.335365591308e-11
1.500000000000e+02 2.328142435978e-11
3.000000000000e+02 2.306571122328e-11
4.500000000000e+02 2.285128672090e-11
6.000000000000e+02 2.263823690013e-11
1.000000000000e+03 2.207654597061e-11
3.000000000000e+03 1.940713359587e-11
1.000000000000e+04 1.176634076409e-11
3.000000000000e+04 1.312497814568e-12
1.000000000000e+05 7.509781690508e-21
3.000000000000e+05 1.229283020683e-20
1.000000000000e+06 1.176570701935e-20
3.000000000000e+06 1.034316172148e-20
1.000000000000e+07 6.271314679420e-21
3.000000000000e+07 6.998252534551e-22
1.000000000000e+08 1.144205374688e-22
