1.000000000000e-09 5.742190000000e-01
1.000000000000e-06 5.742190000000e-01
4.852010000000e-06 5.742190000000e-01
9.704030000000e-06 5.742180000000e-01
1.455600000000e-05 5.742180000000e-01
1.940810000000e-05 5.742170000000e-01
2.426010000000e-05 5.742160000000e-01
2.911210000000e-05 5.742160000000e-01
3.396410000000e-05 5.742140000000e-01
3.832630729342e-05 5.742131009466e-01
3.881610000000e-05 5.742130000000e-01
4.366810000000e-05 5.742120000000e-01
4.852010000000e-05 5.742100000000e-01
5.337210000000e-05 5.742080000000e-01
5.822420000000e-05 5.742060000000e-01
6.307620000000e-05 5.742040000000e-01
6.792820000000e-05 5.742020000000e-01
7.278020000000e-05 5.742000000000e-01
7.763220000000e-05 5.741970000000e-01
8.248420000000e-05 5.741940000000e-01
8.733620000000e-05 5.741920000000e-01
9.218830000000e-05 5.741890000000e-01
9.704030000000e-05 5.741860000000e-01
1.007759840238e-04 5.741829201055e-01
1.018920000000e-04 5.741820000000e-01
1.050044280023e-04 5.741800755822e-01
1.067440000000e-04 5.741790000000e-01
1.070047330076e-04 5.741787850518e-01
1.071591967146e-04 5.741786577120e-01
1.073136604216e-04 5.741785303721e-01
1.074642625359e-04 5.741784062157e-01
1.076187262429e-04 5.741782788757e-01
1.077731899498e-04 5.741781515358e-01
1.080782557711e-04 5.741779000392e-01
1.082327194781e-04 5.741777726992e-01
1.083833215924e-04 5.741776485426e-01
1.085377852994e-04 5.741775212025e-01
1.086883874137e-04 5.741773970459e-01
1.088428511206e-04 5.741772697057e-01
1.089973148276e-04 5.741771423655e-01
1.091479169419e-04 5.741770182088e-01
1.093023806489e-04 5.741768908686e-01
1.094568443559e-04 5.741767635283e-01
1.096074464702e-04 5.741766393715e-01
1.097619101771e-04 5.741765120312e-01
1.099163738841e-04 5.741763846908e-01
1.100669759984e-04 5.741762605339e-01
1.102214397054e-04 5.741761331935e-01
1.103759034124e-04 5.741760058531e-01
1.105265055267e-04 5.741758816961e-01
1.106809692337e-04 5.741757543556e-01
1.115960000000e-04 5.741750000000e-01
1.126812742390e-04 5.741743289744e-01
1.164480000000e-04 5.741720000000e-01
1.176550056036e-04 5.741710049444e-01
1.207404181505e-04 5.741684613220e-01
1.208948818574e-04 5.741683339814e-01
1.210454839717e-04 5.741682098243e-01
1.211999476787e-04 5.741680824836e-01
1.213000000000e-04 5.741680000000e-01
1.213544113857e-04 5.741679551433e-01
1.261520000000e-04 5.741640000000e-01
1.287841156912e-04 5.741618300812e-01
1.310040000000e-04 5.741600000000e-01
1.312439502248e-04 5.741598021851e-01
1.313984139318e-04 5.741596748453e-01
1.315490160461e-04 5.741595506889e-01
1.317034797531e-04 5.741594233490e-01
1.318579434601e-04 5.741592960091e-01
1.320085455744e-04 5.741591718526e-01
1.321630092813e-04 5.741590445126e-01
1.323136113956e-04 5.741589203561e-01
1.324680751026e-04 5.741587930160e-01
1.326225388096e-04 5.741586656760e-01
1.327731409239e-04 5.741585415194e-01
1.329276046309e-04 5.741584141792e-01
1.330820683378e-04 5.741582868391e-01
1.332326704521e-04 5.741581626824e-01
1.333871341591e-04 5.741580353422e-01
1.335415978661e-04 5.741579080019e-01
1.336921999804e-04 5.741577838452e-01
1.338466636874e-04 5.741576565049e-01
1.340011273944e-04 5.741575291645e-01
1.341517295087e-04 5.741574050077e-01
1.343061932156e-04 5.741572776673e-01
1.344606569226e-04 5.741571503269e-01
1.358560000000e-04 5.741560000000e-01
1.407080000000e-04 5.741510000000e-01
1.445123826541e-04 5.741478636605e-01
1.446668463610e-04 5.741477363200e-01
1.448213100680e-04 5.741476089795e-01
1.449719121823e-04 5.741474848224e-01
1.455600000000e-04 5.741470000000e-01
1.504120000000e-04 5.741420000000e-01
1.548691742068e-04 5.741374068707e-01
1.550236379138e-04 5.741372476948e-01
1.551742400281e-04 5.741370924983e-01
1.552640000000e-04 5.741370000000e-01
1.553287037351e-04 5.741369466583e-01
1.554793058494e-04 5.741368225020e-01
1.556337695563e-04 5.741366951621e-01
1.557882332633e-04 5.741365678222e-01
1.559388353776e-04 5.741364436658e-01
1.560932990846e-04 5.741363163259e-01
1.562477627916e-04 5.741361889859e-01
1.563983649059e-04 5.741360648294e-01
1.565528286129e-04 5.741359374894e-01
1.567072923198e-04 5.741358101494e-01
1.568578944341e-04 5.741356859928e-01
1.570123581411e-04 5.741355586527e-01
1.601160000000e-04 5.741330000000e-01
1.648050521580e-04 5.741281679189e-01
1.649595158650e-04 5.741280087430e-01
1.649680000000e-04 5.741280000000e-01
1.651101179793e-04 5.741278535476e-01
1.652645816863e-04 5.741276943730e-01
1.698200000000e-04 5.741230000000e-01
1.708677526569e-04 5.741217043507e-01
1.726131925457e-04 5.741195459361e-01
1.746720000000e-04 5.741170000000e-01
1.751811516742e-04 5.741164754279e-01
1.753896776786e-04 5.741162605862e-01
1.756059268683e-04 5.741160377874e-01
1.769150067850e-04 5.741146890567e-01
1.770694704919e-04 5.741145299143e-01
1.772239341989e-04 5.741143707718e-01
1.773745363132e-04 5.741142156078e-01
1.775290000202e-04 5.741140564652e-01
1.776834637272e-04 5.741138973225e-01
1.778340658415e-04 5.741137421584e-01
1.779885295484e-04 5.741135830157e-01
1.781429932554e-04 5.741134238729e-01
1.782935953697e-04 5.741132687087e-01
1.795250000000e-04 5.741120000000e-01
1.798614019955e-04 5.741116533382e-01
1.843770000000e-04 5.741070000000e-01
1.883646290646e-04 5.741020688887e-01
1.892290000000e-04 5.741010000000e-01
1.913689481652e-04 5.740987947826e-01
1.933692531706e-04 5.740967334599e-01
1.940810000000e-04 5.740960000000e-01
1.966631917218e-04 5.740928068606e-01
1.982773374597e-04 5.740908107982e-01
1.984279395740e-04 5.740906245624e-01
1.985824032810e-04 5.740904335512e-01
1.987368669880e-04 5.740902425400e-01
1.988874691023e-04 5.740900563040e-01
1.989330000000e-04 5.740900000000e-01
1.990419328093e-04 5.740898652940e-01
2.037850000000e-04 5.740840000000e-01
2.053440520539e-04 5.740820720777e-01
2.054946541682e-04 5.740818858429e-01
2.056491178752e-04 5.740816948328e-01
2.057997199895e-04 5.740815085979e-01
2.059541836964e-04 5.740813175877e-01
2.061086474034e-04 5.740811265774e-01
2.062592495177e-04 5.740809403423e-01
2.086370000000e-04 5.740780000000e-01
2.091245512821e-04 5.740773970952e-01
2.092983229525e-04 5.740771822094e-01
2.094527866595e-04 5.740769911998e-01
2.134890000000e-04 5.740720000000e-01
2.183410000000e-04 5.740660000000e-01
2.193307407206e-04 5.740647760883e-01
2.194813428349e-04 5.740645898537e-01
2.196358065418e-04 5.740643988439e-01
2.197864086562e-04 5.740642126092e-01
2.199408723631e-04 5.740640215992e-01
2.231930000000e-04 5.740600000000e-01
2.233081811752e-04 5.740598338286e-01
2.274516701148e-04 5.740538560040e-01
2.280450000000e-04 5.740530000000e-01
2.328970000000e-04 5.740470000000e-01
2.343330282606e-04 5.740449282451e-01
2.377490000000e-04 5.740400000000e-01
2.397083652634e-04 5.740375770497e-01
2.398628289704e-04 5.740373860395e-01
2.400134310847e-04 5.740371998045e-01
2.426010000000e-04 5.740340000000e-01
2.474530000000e-04 5.740270000000e-01
2.523050000000e-04 5.740200000000e-01
2.542047841631e-04 5.740172591839e-01
2.571570000000e-04 5.740130000000e-01
2.579119131305e-04 5.740119108894e-01
2.620090000000e-04 5.740060000000e-01
2.668610000000e-04 5.739990000000e-01
2.699716670527e-04 5.739945122379e-01
2.717130000000e-04 5.739920000000e-01
2.765650000000e-04 5.739850000000e-01
2.814170000000e-04 5.739770000000e-01
2.862690000000e-04 5.739700000000e-01
2.911210000000e-04 5.739630000000e-01
2.935930294420e-04 5.702543292251e-01
3.013702770882e-04 5.704440791994e-01
3.316065477288e-04 5.711811874715e-01
3.332168318740e-04 5.712204167522e-01
3.581704437359e-04 5.718279855019e-01
3.909669503196e-04 5.726255320888e-01
3.969369725943e-04 5.726255320888e-01
3.999721844363e-04 5.726255320888e-01
4.257135612039e-04 5.726255320888e-01
4.306216454930e-04 5.726255320888e-01
4.393758760859e-04 5.726255320888e-01
4.544669802575e-04 5.726255320888e-01
4.575253616556e-04 5.726255320888e-01
4.629470377704e-04 5.726255320888e-01
4.730798569481e-04 5.726255320888e-01
4.732343206550e-04 5.726255320888e-01
4.733887843620e-04 5.726255320888e-01
4.735393864763e-04 5.726255320888e-01
4.770457126247e-04 5.726255320888e-01
4.811660320083e-04 5.726255320888e-01
4.883447327900e-04 5.726255320888e-01
4.913104359639e-04 5.726614314940e-01
4.914610380782e-04 5.726632544506e-01
4.916155017852e-04 5.726651241437e-01
4.917699654922e-04 5.726669938307e-01
4.919167060138e-04 5.726687700276e-01
4.920595849427e-04 5.726704994773e-01
4.952724300478e-04 5.727093873444e-01
5.194305538189e-04 5.730017096602e-01
5.195850175259e-04 5.730035782489e-01
5.197394812328e-04 5.730054468315e-01
5.198900833471e-04 5.730072686937e-01
5.200329622761e-04 5.730089971217e-01
5.235470116098e-04 5.730515054667e-01
5.279723968147e-04 5.731050334685e-01
5.321351937177e-04 5.731553807257e-01
5.355565648272e-04 5.731967574425e-01
5.357110285342e-04 5.731986253954e-01
5.358616306485e-04 5.732004466435e-01
5.360160943554e-04 5.732023145844e-01
5.361705580624e-04 5.732041825191e-01
5.363211601767e-04 5.732060037497e-01
5.364756238837e-04 5.732078716724e-01
5.366300875907e-04 5.732097395890e-01
5.367806897050e-04 5.732115608019e-01
5.369351534119e-04 5.732134287065e-01
5.370896171189e-04 5.732152966051e-01
5.372402192332e-04 5.732171178003e-01
5.373946829402e-04 5.732189856868e-01
5.375491466472e-04 5.732208535672e-01
5.376997487615e-04 5.732226747448e-01
5.378542124685e-04 5.732245426132e-01
5.380086761754e-04 5.732264104755e-01
5.381592782897e-04 5.732282316354e-01
5.383137419967e-04 5.732300994857e-01
5.384682057037e-04 5.732319673299e-01
5.523390465901e-04 5.733996749345e-01
5.525359878165e-04 5.734020557305e-01
5.526865899308e-04 5.734038763325e-01
5.528410536378e-04 5.734057436107e-01
5.529955173448e-04 5.734076108828e-01
5.531461194591e-04 5.734094314672e-01
5.533005831661e-04 5.734112987272e-01
5.534511852804e-04 5.734131192999e-01
5.536056489873e-04 5.734149865480e-01
5.537601126943e-04 5.734168537899e-01
5.539107148086e-04 5.734186743450e-01
5.540651785156e-04 5.734205415749e-01
5.542196422226e-04 5.734224087988e-01
5.543702443369e-04 5.734242293362e-01
5.545247080438e-04 5.734260965481e-01
5.546791717508e-04 5.734279637539e-01
5.857225152603e-04 5.738031021178e-01
5.937353200597e-04 5.746752959330e-01
5.938859221740e-04 5.746916762999e-01
5.940403858810e-04 5.747084761913e-01
5.941948495880e-04 5.747252755916e-01
5.943454517023e-04 5.747416545341e-01
5.944999154092e-04 5.747584529646e-01
5.946505175235e-04 5.747748309617e-01
5.948049812305e-04 5.747916284226e-01
5.949594449375e-04 5.748084253927e-01
5.951100470518e-04 5.748248019659e-01
5.952645107588e-04 5.748415979667e-01
5.954189744657e-04 5.748583934767e-01
5.955695765800e-04 5.748747686265e-01
5.967975630505e-04 5.750082716753e-01
5.972261998374e-04 5.750548644987e-01
5.973768019517e-04 5.750712340540e-01
5.975312656586e-04 5.750880228575e-01
5.976857293656e-04 5.751048111708e-01
5.978363314799e-04 5.751211793045e-01
5.979907951869e-04 5.751379666500e-01
5.981413973012e-04 5.751543338401e-01
6.009101592487e-04 5.754551553847e-01
6.026633223229e-04 5.756455524563e-01
6.055247624946e-04 5.759561754726e-01
6.056753646089e-04 5.759725194120e-01
6.058298283159e-04 5.759892819450e-01
6.059842920229e-04 5.760060439902e-01
6.061348941372e-04 5.760223865146e-01
6.062893578442e-04 5.760391475965e-01
6.064438215511e-04 5.760559081907e-01
6.080347977330e-04 5.762285139401e-01
6.081892614400e-04 5.762452690265e-01
6.083398635543e-04 5.762616047666e-01
6.285012389073e-04 5.784443348092e-01
6.422214776795e-04 5.799250307182e-01
6.830732665819e-04 5.843115607277e-01
7.073549613186e-04 5.863291445751e-01
7.157848181268e-04 5.870279659926e-01
7.198510752129e-04 5.873647548395e-01
7.394949971476e-04 5.889890556260e-01
7.585210642544e-04 5.905580087517e-01
7.804317410889e-04 5.923596880275e-01
7.888809058605e-04 5.926569846107e-01
7.919277024806e-04 5.927641541582e-01
8.141279987657e-04 5.935444543036e-01
8.500021947109e-04 5.948032036571e-01
8.778018003739e-04 5.957768038452e-01
8.923561431637e-04 5.957768038452e-01
8.975461237181e-04 5.957768038452e-01
9.509519504051e-04 5.957768038452e-01
9.751795828443e-04 5.957768038452e-01
9.794311963788e-04 5.957768038452e-01
1.004898400066e-03 5.957768038452e-01
1.009547757646e-03 5.957768038452e-01
1.034265812355e-03 5.957768038452e-01
1.038922893121e-03 5.957768038452e-01
1.061710151492e-03 5.957768038452e-01
1.067058457346e-03 5.957768038452e-01
1.068286443817e-03 5.957768038452e-01
1.072561226907e-03 5.957768038452e-01
1.077581297384e-03 5.957768038452e-01
1.095723059768e-03 5.957768038452e-01
1.109574592691e-03 5.957768038452e-01
1.128616106169e-03 5.957768038452e-01
1.136594156634e-03 5.957768038452e-01
1.136825852195e-03 5.957768038452e-01
1.158860099995e-03 5.957768038452e-01
1.169939009378e-03 5.957768038452e-01
1.176013294654e-03 5.957768038452e-01
1.178689378378e-03 5.957768038452e-01
1.183736480003e-03 5.957768038452e-01
1.204820776005e-03 5.957768038452e-01
1.215189152336e-03 5.957768038452e-01
1.224534206608e-03 5.957768038452e-01
1.244243775618e-03 5.957768038452e-01
1.254372733203e-03 5.957768038452e-01
1.263949483036e-03 5.957768038452e-01
1.267320653441e-03 5.957768038452e-01
1.283666775231e-03 5.957768038452e-01
1.300511042477e-03 5.957768038452e-01
1.303364759463e-03 5.957768038452e-01
1.323074328474e-03 5.957768038452e-01
1.339211924260e-03 5.957768038452e-01
1.342768451113e-03 5.957768038452e-01
1.364698435911e-03 5.957768038452e-01
1.372186064107e-03 5.957768038452e-01
1.378341442830e-03 5.957768038452e-01
1.378858896248e-03 5.957768038452e-01
1.411470046383e-03 5.957768038452e-01
1.420687668097e-03 5.957768038452e-01
1.447351965514e-03 5.957768038452e-01
1.462076218381e-03 5.957768038452e-01
1.479283475338e-03 5.957768038452e-01
1.483222299866e-03 5.957768038452e-01
1.522344095251e-03 5.957768038452e-01
1.540636459749e-03 5.957768038452e-01
1.559457862444e-03 5.957768038452e-01
1.584175917153e-03 5.957768038452e-01
1.613531744664e-03 5.957768038452e-01
1.620220023176e-03 5.957768038452e-01
1.656835644915e-03 5.957768038452e-01
1.679082280312e-03 5.957768038452e-01
1.703375559827e-03 5.957768038452e-01
1.710515644682e-03 5.957768038452e-01
1.740489327020e-03 5.957768038452e-01
1.754213427385e-03 5.957768038452e-01
1.771903383426e-03 5.957768038452e-01
1.799092857447e-03 5.957768038452e-01
1.833256367837e-03 5.957768038452e-01
1.851595071448e-03 5.957768038452e-01
1.857711834244e-03 5.957768038452e-01
1.916338534227e-03 5.957768038452e-01
1.927934897028e-03 5.957768038452e-01
1.948972853918e-03 5.957768038452e-01
1.952243622914e-03 5.959293038164e-01
1.991353833520e-03 5.977498077228e-01
2.025413080908e-03 5.993306944186e-01
2.030479490497e-03 5.995654996508e-01
2.046339051611e-03 6.002999250375e-01
2.069609009067e-03 6.005705566016e-01
2.083943241074e-03 6.007372042443e-01
2.108746250822e-03 6.010254511857e-01
2.143716834081e-03 6.014316253740e-01
2.147887354169e-03 6.013832022003e-01
2.181336469915e-03 6.009946892808e-01
2.187032319110e-03 6.009285067194e-01
2.226181145643e-03 6.004734220243e-01
2.241098478144e-03 6.002999250375e-01
2.265322248991e-03 5.991781185483e-01
2.278671774866e-03 5.985590014001e-01
2.304467213931e-03 5.973608564872e-01
2.338491706985e-03 5.957768038452e-01
2.343619902057e-03 5.957768038452e-01
2.375999356632e-03 5.957768038452e-01
2.382761005404e-03 5.957768038452e-01
2.421894385567e-03 5.957768038452e-01
2.435869489455e-03 5.957768038452e-01
2.461031627322e-03 5.948958165207e-01
2.473326938397e-03 5.944648530725e-01
2.500165007484e-03 5.935230638147e-01
2.533258856704e-03 5.923596880275e-01
2.539306110832e-03 5.925724849424e-01
2.570654520163e-03 5.936743820159e-01
2.578443352587e-03 5.939478425409e-01
2.617569009564e-03 5.953196169801e-01
2.630628915989e-03 5.957768038452e-01
2.656702389726e-03 5.957768038452e-01
2.667985963521e-03 5.957768038452e-01
2.695839631481e-03 5.957768038452e-01
2.728006698459e-03 5.957768038452e-01
2.734973011644e-03 5.965078268265e-01
2.765309683694e-03 5.996808717619e-01
2.774110253399e-03 6.005982248454e-01
2.813243633561e-03 6.046605533421e-01
2.825357449781e-03 6.059125349421e-01
2.852380875316e-03 6.062216097466e-01
2.862625680681e-03 6.063387413900e-01
2.891514255479e-03 6.066689105192e-01
2.922735232251e-03 6.070255348830e-01
2.930647635641e-03 6.078404043496e-01
2.959933954484e-03 6.108470374273e-01
2.969781015803e-03 6.118546512370e-01
3.008925980744e-03 6.158439094005e-01
3.020085983573e-03 6.169764987421e-01
3.048070945684e-03 6.172908313079e-01
3.057226781915e-03 6.173936367060e-01
3.087223633810e-03 6.177303335276e-01
3.117463766043e-03 6.180695753716e-01
3.126372460343e-03 6.180695753716e-01
3.154508024569e-03 6.180695753716e-01
3.165521286876e-03 6.180695753716e-01
3.204658528631e-03 6.180695753716e-01
3.214841548513e-03 6.180695753716e-01
3.243784185608e-03 6.206663251380e-01
3.251777682444e-03 6.213815937746e-01
3.282894396214e-03 6.241581524821e-01
3.312196161428e-03 6.267615176445e-01
3.344733941302e-03 6.274835092733e-01
3.345803602473e-03 6.275072302377e-01
3.403329748544e-03 6.287816203915e-01
3.409570082305e-03 6.289197087069e-01
3.446270659083e-03 6.293240815504e-01
3.464690456140e-03 6.295269359325e-01
3.506947864776e-03 6.299920634421e-01
3.539956758957e-03 6.328969989820e-01
3.543513285810e-03 6.332091945154e-01
3.604302477690e-03 6.385217302489e-01
3.615199892217e-03 6.386409020542e-01
3.636376866444e-03 6.388724253623e-01
3.701676398568e-03 6.395858034697e-01
3.715504761935e-03 6.395858034697e-01
3.715647640864e-03 6.395858034697e-01
3.776695559453e-03 6.395858034697e-01
3.797915011199e-03 6.395858034697e-01
3.799054181038e-03 6.395858034697e-01
3.834959269725e-03 6.419196130919e-01
3.874841798866e-03 6.445020470016e-01
3.883487904864e-03 6.450605274881e-01
3.896416517138e-03 6.458947282646e-01
3.932028124781e-03 6.489541856281e-01
3.932939460652e-03 6.490322908768e-01
3.974069284227e-03 6.525475549348e-01
3.993771130052e-03 6.542247320302e-01
4.008209625062e-03 6.560619862604e-01
4.012847397864e-03 6.566510378644e-01
4.051610065129e-03 6.615538404504e-01
4.077413227380e-03 6.647974460239e-01
4.086275582567e-03 6.659078498110e-01
4.091114158188e-03 6.665133156959e-01
4.123134484644e-03 6.705087899860e-01
4.152976872832e-03 6.742111861871e-01
4.164337678480e-03 6.756153324457e-01
4.188457186325e-03 6.785867667439e-01
4.193724398732e-03 6.794490971223e-01
4.237769724777e-03 6.866176583573e-01
4.239573088556e-03 6.869095691568e-01
4.280791728762e-03 6.935481407995e-01
4.285788629683e-03 6.943486156103e-01
4.319496472138e-03 6.983865644403e-01
4.339812311198e-03 7.008090139906e-01
4.358181907550e-03 7.029922083405e-01
4.383127796226e-03 7.059461735855e-01
4.393635189893e-03 7.078056988136e-01
4.412271236140e-03 7.110918157650e-01
4.437228709595e-03 7.154689574454e-01
4.457695150769e-03 7.190385592088e-01
4.464464522727e-03 7.202153282411e-01
4.480451516399e-03 7.229868601849e-01
4.496743575893e-03 7.256445848223e-01
4.503065003101e-03 7.266731821558e-01
4.534564014546e-03 7.317770241524e-01
4.535340194673e-03 7.319023407146e-01
4.551377389050e-03 7.344868081118e-01
4.560958000475e-03 7.360264374871e-01
4.577779098165e-03 7.387218691768e-01
4.586108553564e-03 7.402091162432e-01
4.605397208972e-03 7.436417393767e-01
4.618854859443e-03 7.460273187399e-01
4.631872288348e-03 7.483276261128e-01
4.644623267359e-03 7.505740143581e-01
4.663240005642e-03 7.538417742107e-01
4.675102818338e-03 7.559166620733e-01
4.689645576350e-03 7.588527305523e-01
4.695970865150e-03 7.601262175893e-01
4.724986872506e-03 7.659409525917e-01
4.729172838965e-03 7.667761702336e-01
4.744260081544e-03 7.697789787923e-01
4.763525567396e-03 7.735964371809e-01
4.772414953733e-03 7.753515331770e-01
4.775017667195e-03 7.759814351187e-01
4.798835970811e-03 7.817223033057e-01
4.824588932357e-03 7.878824136946e-01
4.826484974360e-03 7.883340446555e-01
4.828940947301e-03 7.889186649751e-01
4.859856858252e-03 7.962411854463e-01
4.869383407380e-03 7.984840412738e-01
4.869711642757e-03 7.985612061702e-01
4.878971741990e-03 8.010569421182e-01
4.888401751301e-03 8.035905057039e-01
4.894414251095e-03 8.052017241713e-01
4.914235806293e-03 8.104907822019e-01
4.923812556125e-03 8.130338537334e-01
4.927056293972e-03 8.138934151761e-01
4.931080073538e-03 8.149584208359e-01
4.946186624081e-03 8.189444309270e-01
4.950210403647e-03 8.200028764404e-01
4.965324677375e-03 8.239665043277e-01
4.966992885410e-03 8.244028141631e-01
4.969340733756e-03 8.251551121983e-01
4.984462730669e-03 8.299841661473e-01
4.988471063865e-03 8.312594825316e-01
5.003589199186e-03 8.360520576590e-01
5.007605255567e-03 8.373205697114e-01
5.012636910822e-03 8.389071619066e-01
5.021124691520e-03 8.415767683599e-01
5.022734975665e-03 8.420822854287e-01
5.032300140720e-03 8.450788480897e-01
5.045908393304e-03 8.493238041228e-01
5.060837310584e-03 8.539564558883e-01
5.060987912698e-03 8.540030617941e-01
5.064258681693e-03 8.550146197580e-01
5.079851792912e-03 8.596379485931e-01
5.080164581919e-03 8.597304355917e-01
5.085841123150e-03 8.614071779763e-01
5.105674263126e-03 8.672400606632e-01
5.118440688508e-03 8.709739737146e-01
5.118498612398e-03 8.709908787651e-01
5.122522391965e-03 8.721644142970e-01
5.140818618056e-03 8.774807168316e-01
5.158280740129e-03 8.825247871873e-01
5.160956823853e-03 8.834830054611e-01
5.181894379333e-03 8.909444872844e-01
5.207821112549e-03 9.000982409278e-01
5.214582761322e-03 9.024702601178e-01
5.215803024607e-03 9.028976706195e-01
5.265246857210e-03 9.200489117433e-01
5.265880158409e-03 9.202369865263e-01
5.313203976634e-03 9.341838655311e-01
5.344903790898e-03 9.434108633514e-01
5.356021316207e-03 9.466255859631e-01
5.380094484940e-03 9.554305147026e-01
5.410651267772e-03 9.664913470229e-01
5.438667122625e-03 9.765223400059e-01
5.453248496563e-03 9.817026026246e-01
5.497286099422e-03 9.991505821232e-01
5.508098558911e-03 1.003388156431e+00
5.523394327494e-03 1.009352425955e+00
5.546135246754e-03 1.018155194457e+00
5.565717383205e-03 1.026815795596e+00
5.598988865688e-03 1.041365649465e+00
5.605549711642e-03 1.044210823513e+00
5.628197952677e-03 1.053973434200e+00
5.630951268254e-03 1.055180312802e+00
5.670076925231e-03 1.072183708709e+00
5.702997002780e-03 1.086284098162e+00
5.705935674806e-03 1.087533907517e+00
5.709206443801e-03 1.088955919122e+00
5.748343685556e-03 1.105829530881e+00
5.783673396934e-03 1.120843432420e+00
5.787484788904e-03 1.122580685151e+00
5.800436570733e-03 1.128464190329e+00
5.818196035443e-03 1.136482129015e+00
5.852799767398e-03 1.151944522289e+00
5.861399534284e-03 1.155755164384e+00
5.869211536265e-03 1.159236143420e+00
5.869335107230e-03 1.159291121892e+00
5.892844483432e-03 1.169703765362e+00
5.897810491611e-03 1.171891446573e+00
5.918358026232e-03 1.180900199563e+00
5.934823857395e-03 1.188070089217e+00
5.936345324909e-03 1.188730415191e+00
5.954506395257e-03 1.198065838350e+00
5.974327950454e-03 1.208172483148e+00
5.979378913672e-03 1.210734387864e+00
5.997385520313e-03 1.219823757762e+00
6.001417023065e-03 1.221804544253e+00
6.002394006012e-03 1.222284079229e+00
6.016971518358e-03 1.229416979608e+00
6.030166580526e-03 1.235837938096e+00
6.055653092177e-03 1.248146626002e+00
6.056363625229e-03 1.248510062920e+00
6.059773411561e-03 1.250252695078e+00
6.070315559562e-03 1.255625150193e+00
6.091689475015e-03 1.266447711171e+00
6.092338222584e-03 1.266774755028e+00
6.113912940856e-03 1.277603224792e+00
6.115592733669e-03 1.278404364899e+00
6.119010243186e-03 1.280032722871e+00
6.135375672940e-03 1.287801904196e+00
6.138750704938e-03 1.289398314892e+00
6.155119996284e-03 1.297113215829e+00
6.158491166689e-03 1.298696368392e+00
6.169037176283e-03 1.303636519190e+00
6.172180512720e-03 1.305105359732e+00
6.182266992785e-03 1.310105840788e+00
6.194570027046e-03 1.316179483575e+00
6.197983674970e-03 1.317859739396e+00
6.208521961379e-03 1.323033401824e+00
6.229892015239e-03 1.333463184853e+00
6.230436499806e-03 1.333727858298e+00
6.253806858671e-03 1.344702771315e+00
6.276787196677e-03 1.355407876997e+00
6.286827337630e-03 1.360058503775e+00
6.288696348485e-03 1.360922481260e+00
6.296504488872e-03 1.364581484106e+00
6.316217919475e-03 1.373776108655e+00
6.335931350078e-03 1.382909601767e+00
6.346956197163e-03 1.387991354440e+00
6.355629334310e-03 1.391854967491e+00
6.375342764913e-03 1.400597045705e+00
6.384166504174e-03 1.404492374796e+00
6.395044610738e-03 1.409279806322e+00
6.405219907435e-03 1.413743258163e+00
6.410127991724e-03 1.416160286445e+00
6.429849145512e-03 1.425830831585e+00
6.444449827414e-03 1.432948436352e+00
6.463464309743e-03 1.442165039099e+00
6.466480213621e-03 1.443540506746e+00
6.481548148237e-03 1.450393022983e+00
6.490398918647e-03 1.454403077900e+00
6.508745345443e-03 1.462680355858e+00
6.521720296829e-03 1.468506043569e+00
6.528466499231e-03 1.471481083899e+00
6.552802256265e-03 1.482163403307e+00
6.569291256985e-03 1.489357800695e+00
6.578918207522e-03 1.493542160016e+00
6.579976283915e-03 1.494001338687e+00
6.588923594141e-03 1.497994744724e+00
6.602736511137e-03 1.504138973315e+00
6.618511117212e-03 1.511125239754e+00
6.638228409408e-03 1.519812488434e+00
6.676303713177e-03 1.536690552675e+00
6.677396543904e-03 1.537172248086e+00
6.696476673309e-03 1.545558151607e+00
6.706825741676e-03 1.550022633940e+00
6.732964862489e-03 1.561241940811e+00
6.754728798802e-03 1.570522206147e+00
6.763637493102e-03 1.574085598772e+00
6.773685357241e-03 1.578094993101e+00
6.812988647481e-03 1.593681273028e+00
6.831165164199e-03 1.600727528167e+00
6.871078586082e-03 1.616092451698e+00
6.871252357752e-03 1.616159026829e+00
6.892560626129e-03 1.620229374265e+00
6.929597161469e-03 1.627279939039e+00
6.951137125407e-03 1.644146987948e+00
6.968325074401e-03 1.657483031587e+00
6.968471814923e-03 1.657539567645e+00
7.012490109818e-03 1.674412726418e+00
7.026584923080e-03 1.679779747467e+00
7.065853458986e-03 1.694213540024e+00
7.087625118484e-03 1.702163329413e+00
7.092089119615e-03 1.703514596290e+00
7.159794423976e-03 1.723879346126e+00
7.163231241456e-03 1.724980729703e+00
7.169664654852e-03 1.727040532765e+00
7.223626550884e-03 1.744221889554e+00
7.260056816174e-03 1.753114852552e+00
7.260605162334e-03 1.753248364307e+00
7.298603234250e-03 1.762475531745e+00
7.310728635247e-03 1.765577942943e+00
7.357925020914e-03 1.777602080363e+00
7.376348679563e-03 1.782273828568e+00
7.391501569218e-03 1.786153607870e+00
7.447274552214e-03 1.800361825485e+00
7.454090263284e-03 1.802090452780e+00
7.455202401975e-03 1.802332007266e+00
7.528047486185e-03 1.818083931955e+00
7.531855016562e-03 1.818903515858e+00
7.552475921443e-03 1.822281200304e+00
7.629101504881e-03 1.834777915716e+00
7.633897602983e-03 1.834796035220e+00
7.649795780023e-03 1.834856096740e+00
7.726479287351e-03 1.835145770777e+00
7.731387371640e-03 1.834737335790e+00
7.747219901605e-03 1.833419183417e+00
7.823926578490e-03 1.827019430657e+00
7.828857832335e-03 1.826494843184e+00
7.844682639115e-03 1.824810379539e+00
7.921389315999e-03 1.816623241071e+00
7.926316708251e-03 1.816114854448e+00
7.942149238217e-03 1.814480359606e+00
8.018852053508e-03 1.806540893531e+00
8.023771722575e-03 1.806030609942e+00
8.039615837318e-03 1.804386227631e+00
8.116314791017e-03 1.796404742813e+00
8.121219013714e-03 1.795874137612e+00
8.137086298013e-03 1.794156324813e+00
8.213777528526e-03 1.785830339086e+00
8.218662443260e-03 1.785071046649e+00
8.234549035522e-03 1.782599459350e+00
8.311282743555e-03 1.770612888240e+00
8.316094288027e-03 1.769258651351e+00
8.331984741883e-03 1.764778808390e+00
8.389360285839e-03 1.748507935355e+00
8.413533855981e-03 1.742507995536e+00
8.429385693909e-03 1.738562289183e+00
8.464630450248e-03 1.729757208397e+00
8.510954115970e-03 1.715171797017e+00
8.526786645935e-03 1.710158263383e+00
8.528779227755e-03 1.709526250164e+00
8.604045530572e-03 1.690733568603e+00
8.608382099145e-03 1.690052221102e+00
8.624164428406e-03 1.687570230685e+00
8.682041979410e-03 1.678436772714e+00
8.705810082320e-03 1.675977836903e+00
8.721546072469e-03 1.674347878738e+00
8.779496993733e-03 1.668331501830e+00
8.803234203903e-03 1.666058153773e+00
8.818950886088e-03 1.664551235231e+00
8.876948146465e-03 1.658978601429e+00
8.900654463893e-03 1.656597013101e+00
8.916332530151e-03 1.655020077655e+00
8.974399299196e-03 1.649166456123e+00
8.998078585475e-03 1.646872268617e+00
9.013721897399e-03 1.645354898529e+00
9.071850451927e-03 1.639704241624e+00
9.095491122280e-03 1.637200639187e+00
9.111134434204e-03 1.635541868771e+00
9.169305466251e-03 1.629358769578e+00
9.192907520677e-03 1.627044231826e+00
9.208581725342e-03 1.625505318362e+00
9.266756618982e-03 1.619780849374e+00
9.290293026332e-03 1.617459740913e+00
9.306044462851e-03 1.615904506793e+00
9.364203910120e-03 1.610149061423e+00
9.387643777654e-03 1.607822976884e+00
9.403507200360e-03 1.606246839035e+00
9.461655062852e-03 1.600456184967e+00
9.484971359420e-03 1.598128994710e+00
9.500966076277e-03 1.596530606723e+00
9.559102353990e-03 1.590707389811e+00
9.582298941185e-03 1.588478352924e+00
9.598428813786e-03 1.586926534543e+00
9.656549645128e-03 1.581322231552e+00
9.679638107729e-03 1.579192347850e+00
9.695883828110e-03 1.577691975754e+00
9.753993074674e-03 1.572313581955e+00
9.776981135865e-03 1.570993852009e+00
9.793338842434e-03 1.570054090973e+00
9.851413334664e-03 1.566713119879e+00
9.874335748779e-03 1.565493108275e+00
9.890797718350e-03 1.564616357367e+00
9.948829733061e-03 1.561521693733e+00
9.971682638508e-03 1.561216609108e+00
9.988252732674e-03 1.560995362266e+00
1.004621910031e-02 1.560221138172e+00
1.006902952824e-02 1.559510218994e+00
1.008570388541e-02 1.558990334014e+00
1.014361619074e-02 1.557183354650e+00
1.016638414115e-02 1.557082008381e+00
1.018315889973e-02 1.557007335200e+00
1.024100169640e-02 1.556749819335e+00
1.026373875407e-02 1.555836379927e+00
1.028061005246e-02 1.555158244998e+00
1.033840651002e-02 1.552832895066e+00
1.036109722857e-02 1.552224404988e+00
1.037806120519e-02 1.551769331327e+00
1.043580360045e-02 1.550219339319e+00
1.045846728786e-02 1.549000259401e+00
1.047550463474e-02 1.548083188286e+00
1.053321999885e-02 1.544972491664e+00
1.055582576236e-02 1.543244513380e+00
1.057295192588e-02 1.541934104933e+00
1.063065184362e-02 1.537510975571e+00
1.065320740643e-02 1.535269235128e+00
1.067040307861e-02 1.533557999265e+00
1.072809913476e-02 1.527802343237e+00
1.075060449686e-02 1.525551361121e+00
1.076783878497e-02 1.523825342700e+00
1.082554642589e-02 1.518031620224e+00
1.084799386411e-02 1.515874455418e+00
1.086526676814e-02 1.514212463350e+00
1.092298985544e-02 1.508645087487e+00
1.094537164658e-02 1.506480834342e+00
1.096268702813e-02 1.504804352511e+00
1.102043328499e-02 1.499199786553e+00
1.104275329064e-02 1.496924611456e+00
1.106009956494e-02 1.495154039544e+00
1.111787671453e-02 1.489241417635e+00
1.114014265789e-02 1.487060367755e+00
1.115751210174e-02 1.485356728552e+00
1.121532400567e-02 1.479672261009e+00
1.123754360992e-02 1.477585659301e+00
1.125492463855e-02 1.475951382953e+00
1.131276357362e-02 1.470499914995e+00
1.133492911557e-02 1.468300906663e+00
1.135233717535e-02 1.466571568972e+00
1.141020700317e-02 1.460807995597e+00
1.143233006760e-02 1.458598620934e+00
1.144976129693e-02 1.456855447952e+00
1.150765043271e-02 1.451051342992e+00
1.152973874281e-02 1.448936318581e+00
1.154718155692e-02 1.447263930708e+00
1.154780000000e-02 1.447204599943e+00
1.157585774412e-02 1.444510297644e+00
1.158816850157e-02 1.445064231901e+00
1.159630000000e-02 1.445430000000e+00
1.164480000000e-02 1.440760000000e+00
1.169340000000e-02 1.434260000000e+00
1.174190000000e-02 1.424540000000e+00
1.179040000000e-02 1.412170000000e+00
1.183890000000e-02 1.397700000000e+00
1.188740000000e-02 1.381680000000e+00
1.193600000000e-02 1.364650000000e+00
1.198450000000e-02 1.347240000000e+00
1.203300000000e-02 1.329990000000e+00
1.208150000000e-02 1.313510000000e+00
1.213000000000e-02 1.298400000000e+00
1.217860000000e-02 1.284040000000e+00
1.222710000000e-02 1.269520000000e+00
1.227560000000e-02 1.254890000000e+00
1.232410000000e-02 1.240220000000e+00
1.237260000000e-02 1.225590000000e+00
1.242120000000e-02 1.211060000000e+00
1.246970000000e-02 1.196760000000e+00
1.251820000000e-02 1.182760000000e+00
1.256670000000e-02 1.169130000000e+00
1.261520000000e-02 1.155960000000e+00
1.266380000000e-02 1.142820000000e+00
1.271230000000e-02 1.129350000000e+00
1.276080000000e-02 1.115590000000e+00
1.280930000000e-02 1.101630000000e+00
1.285780000000e-02 1.087540000000e+00
1.290640000000e-02 1.073390000000e+00
1.295490000000e-02 1.059310000000e+00
1.300340000000e-02 1.045370000000e+00
1.305190000000e-02 1.031660000000e+00
1.310040000000e-02 1.018260000000e+00
1.314900000000e-02 1.005250000000e+00
1.319750000000e-02 9.927770000000e-01
1.324600000000e-02 9.809130000000e-01
1.329450000000e-02 9.697590000000e-01
1.334300000000e-02 9.594170000000e-01
1.339160000000e-02 9.499700000000e-01
1.344010000000e-02 9.415580000000e-01
1.348860000000e-02 9.342610000000e-01
1.353710000000e-02 9.281750000000e-01
1.358560000000e-02 9.233940000000e-01
1.363420000000e-02 9.193150000000e-01
1.368270000000e-02 9.153040000000e-01
1.373120000000e-02 9.113510000000e-01
1.377970000000e-02 9.074590000000e-01
1.382820000000e-02 9.036280000000e-01
1.387680000000e-02 8.998520000000e-01
1.392530000000e-02 8.961460000000e-01
1.397380000000e-02 8.925040000000e-01
1.402230000000e-02 8.889270000000e-01
1.407080000000e-02 8.854150000000e-01
1.411940000000e-02 8.819620000000e-01
1.416790000000e-02 8.785830000000e-01
1.421640000000e-02 8.752720000000e-01
1.426490000000e-02 8.720300000000e-01
1.431340000000e-02 8.688570000000e-01
1.436200000000e-02 8.657480000000e-01
1.441050000000e-02 8.627160000000e-01
1.445900000000e-02 8.597550000000e-01
1.450750000000e-02 8.568670000000e-01
1.455600000000e-02 8.540510000000e-01
1.460460000000e-02 8.514930000000e-01
1.465310000000e-02 8.493710000000e-01
1.470160000000e-02 8.476420000000e-01
1.475010000000e-02 8.462710000000e-01
1.479860000000e-02 8.452210000000e-01
1.484720000000e-02 8.444550000000e-01
1.489570000000e-02 8.439420000000e-01
1.494420000000e-02 8.436450000000e-01
1.499270000000e-02 8.435300000000e-01
1.504120000000e-02 8.435640000000e-01
1.508980000000e-02 8.437150000000e-01
1.513830000000e-02 8.439500000000e-01
1.518680000000e-02 8.442380000000e-01
1.523530000000e-02 8.445500000000e-01
1.528380000000e-02 8.448550000000e-01
1.533240000000e-02 8.451270000000e-01
1.538090000000e-02 8.453350000000e-01
1.542940000000e-02 8.454550000000e-01
1.547790000000e-02 8.454580000000e-01
1.552640000000e-02 8.453210000000e-01
1.557500000000e-02 8.452390000000e-01
1.562350000000e-02 8.454010000000e-01
1.567200000000e-02 8.457630000000e-01
1.572050000000e-02 8.462830000000e-01
1.576900000000e-02 8.469210000000e-01
1.581760000000e-02 8.476380000000e-01
1.586610000000e-02 8.483940000000e-01
1.591460000000e-02 8.491520000000e-01
1.596310000000e-02 8.498760000000e-01
1.601160000000e-02 8.505310000000e-01
1.606020000000e-02 8.510830000000e-01
1.610870000000e-02 8.514970000000e-01
1.615720000000e-02 8.517410000000e-01
1.620570000000e-02 8.517830000000e-01
1.625420000000e-02 8.515940000000e-01
1.630280000000e-02 8.511400000000e-01
1.635130000000e-02 8.503950000000e-01
1.639980000000e-02 8.493270000000e-01
1.644830000000e-02 8.479080000000e-01
1.649680000000e-02 8.461090000000e-01
1.654540000000e-02 8.440350000000e-01
1.659390000000e-02 8.418460000000e-01
1.664240000000e-02 8.395750000000e-01
1.669090000000e-02 8.372560000000e-01
1.673940000000e-02 8.349240000000e-01
1.678800000000e-02 8.326070000000e-01
1.683650000000e-02 8.303490000000e-01
1.688500000000e-02 8.281770000000e-01
1.693350000000e-02 8.261240000000e-01
1.698200000000e-02 8.242230000000e-01
1.703060000000e-02 8.234100000000e-01
1.707910000000e-02 8.242930000000e-01
1.712760000000e-02 8.263940000000e-01
1.717610000000e-02 8.292470000000e-01
1.722460000000e-02 8.324020000000e-01
1.727320000000e-02 8.354300000000e-01
1.732170000000e-02 8.379020000000e-01
1.737020000000e-02 8.394210000000e-01
1.741870000000e-02 8.395960000000e-01
1.746720000000e-02 8.380400000000e-01
1.751580000000e-02 8.354860000000e-01
1.756430000000e-02 8.329470000000e-01
1.761280000000e-02 8.304170000000e-01
1.766130000000e-02 8.278970000000e-01
1.770980000000e-02 8.253860000000e-01
1.775840000000e-02 8.228800000000e-01
1.780690000000e-02 8.203900000000e-01
1.785540000000e-02 8.179090000000e-01
1.790390000000e-02 8.154390000000e-01
1.795250000000e-02 8.129740000000e-01
1.800100000000e-02 8.105250000000e-01
1.804950000000e-02 8.080870000000e-01
1.809800000000e-02 8.056590000000e-01
1.814650000000e-02 8.032430000000e-01
1.819510000000e-02 8.008330000000e-01
1.824360000000e-02 7.984390000000e-01
1.829210000000e-02 7.960570000000e-01
1.834060000000e-02 7.936870000000e-01
1.838910000000e-02 7.913290000000e-01
1.843770000000e-02 7.889780000000e-01
1.848620000000e-02 7.866420000000e-01
1.853470000000e-02 7.843150000000e-01
1.858320000000e-02 7.819960000000e-01
1.863170000000e-02 7.796880000000e-01
1.868030000000e-02 7.773830000000e-01
1.872880000000e-02 7.750940000000e-01
1.877730000000e-02 7.728140000000e-01
1.882580000000e-02 7.705450000000e-01
1.887430000000e-02 7.682860000000e-01
1.892290000000e-02 7.660340000000e-01
1.897140000000e-02 7.637970000000e-01
1.901990000000e-02 7.615710000000e-01
1.906840000000e-02 7.593570000000e-01
1.911690000000e-02 7.571540000000e-01
1.916550000000e-02 7.549590000000e-01
1.921400000000e-02 7.527810000000e-01
1.926250000000e-02 7.506150000000e-01
1.931100000000e-02 7.484630000000e-01
1.935950000000e-02 7.463230000000e-01
1.940810000000e-02 7.441920000000e-01
1.945660000000e-02 7.418830000000e-01
1.950510000000e-02 7.392190000000e-01
1.955360000000e-02 7.362350000000e-01
1.960210000000e-02 7.329640000000e-01
1.965070000000e-02 7.294310000000e-01
1.969920000000e-02 7.256840000000e-01
1.974770000000e-02 7.217480000000e-01
1.979620000000e-02 7.176540000000e-01
1.984470000000e-02 7.134340000000e-01
1.989330000000e-02 7.091120000000e-01
1.994180000000e-02 7.047360000000e-01
1.999030000000e-02 7.003290000000e-01
2.003880000000e-02 6.959240000000e-01
2.008730000000e-02 6.915510000000e-01
2.013590000000e-02 6.872340000000e-01
2.018440000000e-02 6.830240000000e-01
2.023290000000e-02 6.789420000000e-01
2.028140000000e-02 6.750220000000e-01
2.032990000000e-02 6.712950000000e-01
2.037850000000e-02 6.677860000000e-01
2.042700000000e-02 6.644260000000e-01
2.047550000000e-02 6.611010000000e-01
2.052400000000e-02 6.578120000000e-01
2.057250000000e-02 6.545580000000e-01
2.062110000000e-02 6.513310000000e-01
2.066960000000e-02 6.481460000000e-01
2.071810000000e-02 6.449950000000e-01
2.076660000000e-02 6.418780000000e-01
2.081510000000e-02 6.387950000000e-01
2.086370000000e-02 6.357390000000e-01
2.091220000000e-02 6.327220000000e-01
2.096070000000e-02 6.297380000000e-01
2.100920000000e-02 6.267870000000e-01
2.105770000000e-02 6.238690000000e-01
2.110630000000e-02 6.209760000000e-01
2.115480000000e-02 6.181220000000e-01
2.120330000000e-02 6.152990000000e-01
2.125180000000e-02 6.125080000000e-01
2.130030000000e-02 6.097470000000e-01
2.134890000000e-02 6.070130000000e-01
2.139740000000e-02 6.043130000000e-01
2.144590000000e-02 6.016450000000e-01
2.149440000000e-02 5.990120000000e-01
2.154290000000e-02 5.964170000000e-01
2.159150000000e-02 5.938570000000e-01
2.164000000000e-02 5.913480000000e-01
2.168850000000e-02 5.888860000000e-01
2.173700000000e-02 5.864760000000e-01
2.178550000000e-02 5.841190000000e-01
2.183410000000e-02 5.818160000000e-01
2.188260000000e-02 5.795560000000e-01
2.193110000000e-02 5.773190000000e-01
2.197960000000e-02 5.751100000000e-01
2.202810000000e-02 5.729350000000e-01
2.207670000000e-02 5.707950000000e-01
2.212520000000e-02 5.687040000000e-01
2.217370000000e-02 5.666630000000e-01
2.222220000000e-02 5.646790000000e-01
2.227070000000e-02 5.627550000000e-01
2.231930000000e-02 5.608950000000e-01
2.236780000000e-02 5.590740000000e-01
2.241630000000e-02 5.572560000000e-01
2.246480000000e-02 5.554450000000e-01
2.251330000000e-02 5.536440000000e-01
2.256190000000e-02 5.518510000000e-01
2.261040000000e-02 5.500780000000e-01
2.265890000000e-02 5.483230000000e-01
2.270740000000e-02 5.465900000000e-01
2.275590000000e-02 5.448810000000e-01
2.280450000000e-02 5.431970000000e-01
2.285300000000e-02 5.415460000000e-01
2.290150000000e-02 5.399280000000e-01
2.295000000000e-02 5.383470000000e-01
2.299850000000e-02 5.368040000000e-01
2.304710000000e-02 5.353010000000e-01
2.309560000000e-02 5.338450000000e-01
2.314410000000e-02 5.324360000000e-01
2.319260000000e-02 5.310770000000e-01
2.324110000000e-02 5.297720000000e-01
2.328970000000e-02 5.285190000000e-01
2.333820000000e-02 5.273780000000e-01
2.338670000000e-02 5.263880000000e-01
2.343520000000e-02 5.255370000000e-01
2.348370000000e-02 5.248120000000e-01
2.353230000000e-02 5.241970000000e-01
2.358080000000e-02 5.236840000000e-01
2.362930000000e-02 5.232570000000e-01
2.367780000000e-02 5.229050000000e-01
2.372630000000e-02 5.226140000000e-01
2.377490000000e-02 5.223730000000e-01
2.382340000000e-02 5.221690000000e-01
2.387190000000e-02 5.219920000000e-01
2.392040000000e-02 5.218280000000e-01
2.396890000000e-02 5.216670000000e-01
2.401750000000e-02 5.214970000000e-01
2.406600000000e-02 5.213080000000e-01
2.411450000000e-02 5.210880000000e-01
2.416300000000e-02 5.208270000000e-01
2.421150000000e-02 5.205150000000e-01
2.426010000000e-02 5.201390000000e-01
2.500000000000e-02 5.154590000000e-01
2.600000000000e-02 5.083870000000e-01
2.700000000000e-02 4.927800000000e-01
2.800000000000e-02 4.748550000000e-01
2.900000000000e-02 4.581680000000e-01
3.000000000000e-02 4.403270000000e-01
3.100000000000e-02 4.221790000000e-01
3.200000000000e-02 4.112870000000e-01
3.400000000000e-02 4.036050000000e-01
3.600000000000e-02 3.872260000000e-01
3.800000000000e-02 3.744490000000e-01
4.000000000000e-02 3.627470000000e-01
4.200000000000e-02 3.525390000000e-01
4.400000000000e-02 3.431960000000e-01
4.600000000000e-02 3.345990000000e-01
4.800000000000e-02 3.265150000000e-01
5.000000000000e-02 3.186260000000e-01
5.250000000000e-02 3.091160000000e-01
5.500000000000e-02 2.996890000000e-01
5.750000000000e-02 2.903670000000e-01
6.000000000000e-02 2.810950000000e-01
6.250000000000e-02 2.718830000000e-01
6.500000000000e-02 2.627230000000e-01
6.750000000000e-02 2.536390000000e-01
7.000000000000e-02 2.446960000000e-01
7.250000000000e-02 2.358790000000e-01
7.500000000000e-02 2.271870000000e-01
8.000000000000e-02 2.101480000000e-01
8.500000000000e-02 1.938550000000e-01
9.000000000000e-02 1.785920000000e-01
1.000000000000e-01 1.510020000000e-01
1.050000000000e-01 1.384000000000e-01
1.100000000000e-01 1.269440000000e-01
1.150000000000e-01 1.164250000000e-01
1.200000000000e-01 1.067310000000e-01
1.250000000000e-01 9.787300000000e-02
1.300000000000e-01 8.984270000000e-02
1.350000000000e-01 8.243240000000e-02
1.400000000000e-01 7.568750000000e-02
1.450000000000e-01 6.955680000000e-02
1.500000000000e-01 6.402820000000e-02
1.550000000000e-01 5.891760000000e-02
1.600000000000e-01 5.422290000000e-02
1.650000000000e-01 4.998320000000e-02
1.700000000000e-01 4.611470000000e-02
1.750000000000e-01 4.259470000000e-02
1.800000000000e-01 3.942920000000e-02
1.850000000000e-01 3.647400000000e-02
1.900000000000e-01 3.373230000000e-02
1.950000000000e-01 3.129400000000e-02
2.000000000000e-01 2.903440000000e-02
2.100000000000e-01 2.512980000000e-02
2.200000000000e-01 2.176470000000e-02
2.300000000000e-01 1.894200000000e-02
2.400000000000e-01 1.653600000000e-02
2.500000000000e-01 1.450380000000e-02
2.600000000000e-01 1.274860000000e-02
2.700000000000e-01 1.124270000000e-02
2.800000000000e-01 9.941000000000e-03
2.900000000000e-01 8.819460000000e-03
3.000000000000e-01 7.847600000000e-03
3.100000000000e-01 7.009900000000e-03
3.200000000000e-01 6.268890000000e-03
3.300000000000e-01 5.625500000000e-03
3.400000000000e-01 5.060640000000e-03
3.500000000000e-01 4.560660000000e-03
3.600000000000e-01 4.124530000000e-03
3.700000000000e-01 3.735920000000e-03
3.800000000000e-01 3.386640000000e-03
3.900000000000e-01 3.086850000000e-03
4.000000000000e-01 2.819910000000e-03
4.100000000000e-01 2.574850000000e-03
4.200000000000e-01 2.352440000000e-03
4.400000000000e-01 1.978180000000e-03
4.600000000000e-01 1.675950000000e-03
4.800000000000e-01 1.427990000000e-03
5.000000000000e-01 1.225450000000e-03
5.200000000000e-01 1.055920000000e-03
5.400000000000e-01 9.152320000000e-04
5.600000000000e-01 7.947570000000e-04
5.800000000000e-01 6.960530000000e-04
6.000000000000e-01 6.157280000000e-04
6.250000000000e-01 5.267910000000e-04
6.750000000000e-01 3.887950000000e-04
7.000000000000e-01 3.384300000000e-04
7.250000000000e-01 2.952330000000e-04
7.500000000000e-01 2.585140000000e-04
7.750000000000e-01 2.276820000000e-04
8.000000000000e-01 2.014510000000e-04
8.250000000000e-01 1.785850000000e-04
8.500000000000e-01 1.588250000000e-04
9.000000000000e-01 1.272050000000e-04
9.500000000000e-01 1.028620000000e-04
1.000000000000e+00 8.415760000000e-05
1.050000000000e+00 6.938740000000e-05
1.100000000000e+00 5.812680000000e-05
1.150000000000e+00 4.875340000000e-05
1.200000000000e+00 4.113350000000e-05
1.250000000000e+00 3.507800000000e-05
1.300000000000e+00 3.003760000000e-05
1.350000000000e+00 2.588620000000e-05
1.400000000000e+00 2.244280000000e-05
1.450000000000e+00 1.951420000000e-05
1.500000000000e+00 1.709350000000e-05
1.550000000000e+00 1.506400000000e-05
1.600000000000e+00 1.327430000000e-05
1.650000000000e+00 1.173190000000e-05
1.700000000000e+00 1.044500000000e-05
1.750000000000e+00 9.344280000000e-06
1.800000000000e+00 8.362090000000e-06
1.850000000000e+00 7.494460000000e-06
1.900000000000e+00 6.737410000000e-06
1.950000000000e+00 6.086330000000e-06
2.000000000000e+00 5.512340000000e-06
2.100000000000e+00 4.542310000000e-06
2.200000000000e+00 3.782870000000e-06
2.300000000000e+00 3.148950000000e-06
2.400000000000e+00 2.665910000000e-06
2.500000000000e+00 2.347180000000e-06
2.600000000000e+00 2.059700000000e-06
2.700000000000e+00 1.796500000000e-06
2.800000000000e+00 1.558190000000e-06
2.900000000000e+00 1.345360000000e-06
3.000000000000e+00 1.158620000000e-06
3.100000000000e+00 9.985760000000e-07
3.200000000000e+00 8.658330000000e-07
3.300000000000e+00 7.609950000000e-07
3.400000000000e+00 6.846490000000e-07
3.500000000000e+00 6.232780000000e-07
3.600000000000e+00 5.649280000000e-07
3.700000000000e+00 5.097950000000e-07
3.800000000000e+00 4.580750000000e-07
3.900000000000e+00 4.099660000000e-07
4.000000000000e+00 3.656620000000e-07
4.100000000000e+00 3.253600000000e-07
4.200000000000e+00 2.892570000000e-07
4.300000000000e+00 2.575490000000e-07
4.600000000000e+00 1.907570000000e-07
4.800000000000e+00 1.718010000000e-07
5.000000000000e+00 1.688210000000e-07
5.200000000000e+00 1.666230000000e-07
5.400000000000e+00 1.644440000000e-07
5.600000000000e+00 1.622840000000e-07
5.800000000000e+00 1.601430000000e-07
6.000000000000e+00 1.580210000000e-07
6.500000000000e+00 1.527980000000e-07
7.000000000000e+00 1.476900000000e-07
7.250000000000e+00 1.451800000000e-07
7.500000000000e+00 1.426980000000e-07
7.750000000000e+00 1.402440000000e-07
8.000000000000e+00 1.378190000000e-07
8.250000000000e+00 1.354210000000e-07
8.500000000000e+00 1.330520000000e-07
8.750000000000e+00 1.307100000000e-07
9.000000000000e+00 1.283960000000e-07
9.500000000000e+00 1.238490000000e-07
1.000000000000e+01 1.194110000000e-07
1.250000000000e+01 9.879830000000e-08
1.500000000000e+01 8.069730000000e-08
1.750000000000e+01 6.494570000000e-08
2.000000000000e+01 5.138100000000e-08
2.250000000000e+01 3.984080000000e-08
2.500000000000e+01 3.016260000000e-08
2.750000000000e+01 2.218400000000e-08
3.000000000000e+01 1.574260000000e-08
3.500000000000e+01 6.821480000000e-09
4.000000000000e+01 2.099860000000e-09
4.500000000000e+01 2.782350000000e-10
5.000000000000e+01 3.272250000000e-11
5.500000000000e+01 3.271240000000e-11
6.000000000000e+01 3.270230000000e-11
7.000000000000e+01 3.268210000000e-11
8.000000000000e+01 3.266190000000e-11
9.000000000000e+01 3.264170000000e-11
1.000000000000e+02 3.262150000000e-11
1.500000000000e+02 3.252060000000e-11
3.000000000000e+02 3.221930000000e-11
4.500000000000e+02 3.191980000000e-11
6.000000000000e+02 3.162220000000e-11
1.000000000000e+03 3.083760000000e-11
3.000000000000e+03 2.710880000000e-11
1.000000000000e+04 1.643580000000e-11
3.000000000000e+04 1.833360000000e-12
1.000000000000e+05 0.000000000000e+00
3.000000000000e+05 1.741330000000e-20
1.000000000000e+06 1.666660000000e-20
3.000000000000e+06 1.465150000000e-20
1.000000000000e+07 8.883570000000e-21
3.000000000000e+07 9.913310000000e-22
1.000000000000e+08 9.913310000000e-23
