1.000000000000e-09 1.750866218422e+00
1.000000000000e-06 1.750866218422e+00
4.852010000000e-06 1.750866218422e+00
9.704030000000e-06 1.750865988849e+00
1.455600000000e-05 1.750865988849e+00
1.940810000000e-05 1.750864079571e+00
2.426010000000e-05 1.750863849998e+00
2.911210000000e-05 1.750862170298e+00
3.396410000000e-05 1.750860031455e+00
3.832630729342e-05 1.750872455223e+00
3.881610000000e-05 1.750847414635e+00
4.366810000000e-05 1.750599337435e+00
4.852010000000e-05 1.750350995442e+00
5.337210000000e-05 1.750100937820e+00
5.822420000000e-05 1.749852520038e+00
6.307620000000e-05 1.749602391210e+00
6.792820000000e-05 1.749353907730e+00
7.278020000000e-05 1.749103707636e+00
7.763220000000e-05 1.748853241942e+00
8.248420000000e-05 1.748602740398e+00
8.733620000000e-05 1.748352432883e+00
9.218830000000e-05 1.748101854544e+00
9.704030000000e-05 1.747849562927e+00
1.007759840238e-04 1.747656410350e+00
1.018920000000e-04 1.719188149847e+00
1.050044280023e-04 1.637179470375e+00
1.067440000000e-04 1.725008952100e+00
1.070047330076e-04 1.737790730473e+00
1.071591967146e-04 1.733893925849e+00
1.073136604216e-04 1.729987765642e+00
1.074642625359e-04 1.726073348491e+00
1.076187262429e-04 1.722150030499e+00
1.077731899498e-04 1.718217754164e+00
1.080782557711e-04 1.710325497968e+00
1.082327194781e-04 1.706365972521e+00
1.083833215924e-04 1.702396653919e+00
1.085377852994e-04 1.698418644049e+00
1.086883874137e-04 1.694431298563e+00
1.088428511206e-04 1.690434544349e+00
1.089973148276e-04 1.686427725076e+00
1.091479169419e-04 1.682411961145e+00
1.093023806489e-04 1.678386585438e+00
1.094568443559e-04 1.674350934947e+00
1.096074464702e-04 1.670306136148e+00
1.097619101771e-04 1.666251515118e+00
1.099163738841e-04 1.662187003562e+00
1.100669759984e-04 1.658111929246e+00
1.102214397054e-04 1.654027416062e+00
1.103759034124e-04 1.649932791438e+00
1.105265055267e-04 1.645827375930e+00
1.106809692337e-04 1.641712299563e+00
1.115960000000e-04 1.688338867666e+00
1.126812742390e-04 1.742022951636e+00
1.164480000000e-04 1.721221178544e+00
1.176550056036e-04 1.714502028517e+00
1.207404181505e-04 1.633024170539e+00
1.208948818574e-04 1.628876691933e+00
1.210454839717e-04 1.624718631051e+00
1.211999476787e-04 1.620549279116e+00
1.213000000000e-04 1.617843289451e+00
1.213544113857e-04 1.616369791231e+00
1.261520000000e-04 1.552685852720e+00
1.287841156912e-04 1.516611143979e+00
1.310040000000e-04 1.603096045514e+00
1.312439502248e-04 1.612166488735e+00
1.313984139318e-04 1.607964590213e+00
1.315490160461e-04 1.603752311287e+00
1.317034797531e-04 1.599528934385e+00
1.318579434601e-04 1.595294376570e+00
1.320085455744e-04 1.591047925266e+00
1.321630092813e-04 1.586790734934e+00
1.323136113956e-04 1.582522097492e+00
1.324680751026e-04 1.578241275923e+00
1.326225388096e-04 1.573949446776e+00
1.327731409239e-04 1.569645887958e+00
1.329276046309e-04 1.565330492121e+00
1.330820683378e-04 1.561002525796e+00
1.332326704521e-04 1.556663174267e+00
1.333871341591e-04 1.552311687161e+00
1.335415978661e-04 1.547947967496e+00
1.336921999804e-04 1.543571269056e+00
1.338466636874e-04 1.539182769730e+00
1.340011273944e-04 1.534781722139e+00
1.341517295087e-04 1.530367370009e+00
1.343061932156e-04 1.525940897665e+00
1.344606569226e-04 1.521501547533e+00
1.358560000000e-04 1.520223555206e+00
1.407080000000e-04 1.515769024010e+00
1.445123826541e-04 1.512268846407e+00
1.446668463610e-04 1.507789242502e+00
1.448213100680e-04 1.503296290090e+00
1.449719121823e-04 1.498789207458e+00
1.455600000000e-04 1.498511260601e+00
1.504120000000e-04 1.496215829936e+00
1.548691742068e-04 1.494102271736e+00
1.550236379138e-04 1.489567293416e+00
1.551742400281e-04 1.485019146927e+00
1.552640000000e-04 1.482369771365e+00
1.553287037351e-04 1.480457024256e+00
1.554793058494e-04 1.475880811839e+00
1.556337695563e-04 1.471289679010e+00
1.557882332633e-04 1.466684856527e+00
1.559388353776e-04 1.462065538357e+00
1.560932990846e-04 1.457430885928e+00
1.562477627916e-04 1.452782136476e+00
1.563983649059e-04 1.448118471034e+00
1.565528286129e-04 1.443439730281e+00
1.567072923198e-04 1.438745079491e+00
1.568578944341e-04 1.434035764493e+00
1.570123581411e-04 1.429310925814e+00
1.601160000000e-04 1.427756325097e+00
1.648050521580e-04 1.468742347552e+00
1.649595158650e-04 1.466362763739e+00
1.649680000000e-04 1.466228701350e+00
1.651101179793e-04 1.463981193351e+00
1.652645816863e-04 1.461593858046e+00
1.698200000000e-04 1.458133738648e+00
1.708677526569e-04 1.457336684685e+00
1.726131925457e-04 1.402933108841e+00
1.746720000000e-04 1.425386029869e+00
1.751811516742e-04 1.430884422047e+00
1.753896776786e-04 1.429963029812e+00
1.756059268683e-04 1.429007921154e+00
1.769150067850e-04 1.441738299530e+00
1.770694704919e-04 1.436838431196e+00
1.772239341989e-04 1.431922494549e+00
1.773745363132e-04 1.426994656472e+00
1.775290000202e-04 1.422044690800e+00
1.776834637272e-04 1.417076728926e+00
1.778340658415e-04 1.412097084080e+00
1.779885295484e-04 1.407094711773e+00
1.781429932554e-04 1.402074491934e+00
1.782935953697e-04 1.397040658011e+00
1.795250000000e-04 1.394115277056e+00
1.798614019955e-04 1.393315036969e+00
1.843770000000e-04 1.389697479558e+00
1.883646290646e-04 1.386494805117e+00
1.892290000000e-04 1.380582683665e+00
1.913689481652e-04 1.365835902485e+00
1.933692531706e-04 1.342716755624e+00
1.940810000000e-04 1.344086586076e+00
1.966631917218e-04 1.349044445900e+00
1.982773374597e-04 1.362298907037e+00
1.984279395740e-04 1.357623964924e+00
1.985824032810e-04 1.352940568522e+00
1.987368669880e-04 1.348240161755e+00
1.988874691023e-04 1.343516301275e+00
1.989330000000e-04 1.342122975248e+00
1.990419328093e-04 1.338783553682e+00
2.037850000000e-04 1.342985956239e+00
2.053440520539e-04 1.344364422521e+00
2.054946541682e-04 1.341676889006e+00
2.056491178752e-04 1.338979606356e+00
2.057997199895e-04 1.336280868750e+00
2.059541836964e-04 1.333572672160e+00
2.061086474034e-04 1.330858964608e+00
2.062592495177e-04 1.328143726269e+00
2.086370000000e-04 1.324834204676e+00
2.091245512821e-04 1.324154574332e+00
2.092983229525e-04 1.318222399132e+00
2.094527866595e-04 1.313041604527e+00
2.134890000000e-04 1.310108570887e+00
2.183410000000e-04 1.306574007031e+00
2.193307407206e-04 1.305851830204e+00
2.194813428349e-04 1.300622760470e+00
2.196358065418e-04 1.295370806642e+00
2.197864086562e-04 1.290099255603e+00
2.199408723631e-04 1.284805063406e+00
2.231930000000e-04 1.279874930299e+00
2.233081811752e-04 1.279699963192e+00
2.274516701148e-04 1.270310755097e+00
2.280450000000e-04 1.269113868032e+00
2.328970000000e-04 1.259283865443e+00
2.343330282606e-04 1.256359671598e+00
2.377490000000e-04 1.266762110447e+00
2.397083652634e-04 1.272690595826e+00
2.398628289704e-04 1.267362853541e+00
2.400134310847e-04 1.262013439359e+00
2.426010000000e-04 1.258432749656e+00
2.474530000000e-04 1.251690597600e+00
2.523050000000e-04 1.244911932188e+00
2.542047841631e-04 1.242247691757e+00
2.571570000000e-04 1.247592097199e+00
2.579119131305e-04 1.248955047136e+00
2.620090000000e-04 1.244409225455e+00
2.668610000000e-04 1.239004237700e+00
2.699716670527e-04 1.235526605815e+00
2.717130000000e-04 1.235043253906e+00
2.765650000000e-04 1.233695457121e+00
2.814170000000e-04 1.232345860270e+00
2.862690000000e-04 1.230995110215e+00
2.911210000000e-04 1.229642876405e+00
2.935930294420e-04 1.227745395822e+00
3.013702770882e-04 1.225636928384e+00
3.316065477288e-04 1.218870228718e+00
3.332168318740e-04 1.218578825983e+00
3.581704437359e-04 1.214112795328e+00
3.909669503196e-04 1.219868217958e+00
3.969369725943e-04 1.220865340158e+00
3.999721844363e-04 1.228491946581e+00
4.257135612039e-04 1.236464524512e+00
4.306216454930e-04 1.239667102098e+00
4.393758760859e-04 1.245441864672e+00
4.544669802575e-04 1.252962926428e+00
4.575253616556e-04 1.259573867783e+00
4.629470377704e-04 1.296647255730e+00
4.730798569481e-04 1.283061486471e+00
4.732343206550e-04 1.277779601122e+00
4.733887843620e-04 1.272475791528e+00
4.735393864763e-04 1.267148974166e+00
4.770457126247e-04 1.290290802870e+00
4.811660320083e-04 1.338826301226e+00
4.883447327900e-04 1.329351837385e+00
4.913104359639e-04 1.325428784408e+00
4.914610380782e-04 1.320316934208e+00
4.916155017852e-04 1.315184487714e+00
4.917699654922e-04 1.310032696803e+00
4.919167060138e-04 1.304990009603e+00
4.920595849427e-04 1.300187716402e+00
4.952724300478e-04 1.332405884567e+00
5.194305538189e-04 1.361559359084e+00
5.195850175259e-04 1.356583693798e+00
5.197394812328e-04 1.351589711505e+00
5.198900833471e-04 1.346577176573e+00
5.200329622761e-04 1.341948309432e+00
5.235470116098e-04 1.368464576440e+00
5.279723968147e-04 1.422533587153e+00
5.321351937177e-04 1.471624734568e+00
5.355565648272e-04 1.466436620682e+00
5.357110285342e-04 1.461819566117e+00
5.358616306485e-04 1.457187127053e+00
5.360160943554e-04 1.452540672289e+00
5.361705580624e-04 1.447879306454e+00
5.363211601767e-04 1.443202122166e+00
5.364756238837e-04 1.438510495905e+00
5.366300875907e-04 1.433803518001e+00
5.367806897050e-04 1.429080966076e+00
5.369351534119e-04 1.424342124984e+00
5.370896171189e-04 1.419588169297e+00
5.372402192332e-04 1.414818168450e+00
5.373946829402e-04 1.410031393685e+00
5.375491466472e-04 1.405229024957e+00
5.376997487615e-04 1.400410115627e+00
5.378542124685e-04 1.395574639120e+00
5.380086761754e-04 1.390721630937e+00
5.381592782897e-04 1.385852277166e+00
5.383137419967e-04 1.380965827068e+00
5.384682057037e-04 1.376062025104e+00
5.523390465901e-04 1.545730379775e+00
5.525359878165e-04 1.540165806252e+00
5.526865899308e-04 1.535770357220e+00
5.528410536378e-04 1.531361704993e+00
5.529955173448e-04 1.526940978860e+00
5.531461194591e-04 1.522507350488e+00
5.533005831661e-04 1.518060839919e+00
5.534511852804e-04 1.513600539463e+00
5.536056489873e-04 1.509127785996e+00
5.537601126943e-04 1.504641736717e+00
5.539107148086e-04 1.500141538402e+00
5.540651785156e-04 1.495628535647e+00
5.542196422226e-04 1.491101873798e+00
5.543702443369e-04 1.486561360124e+00
5.545247080438e-04 1.482006328872e+00
5.546791717508e-04 1.477437931089e+00
5.857225152603e-04 1.475511600417e+00
5.937353200597e-04 1.475225287899e+00
5.938859221740e-04 1.470639740673e+00
5.940403858810e-04 1.466040022005e+00
5.941948495880e-04 1.461425141906e+00
5.943454517023e-04 1.456796156703e+00
5.944999154092e-04 1.452152588903e+00
5.946505175235e-04 1.447493951023e+00
5.948049812305e-04 1.442819752264e+00
5.949594449375e-04 1.438131056891e+00
5.951100470518e-04 1.433426849751e+00
5.952645107588e-04 1.428706629389e+00
5.954189744657e-04 1.423971464648e+00
5.955695765800e-04 1.419220324306e+00
5.967975630505e-04 1.380622366234e+00
5.972261998374e-04 1.366855476496e+00
5.973768019517e-04 1.361904361700e+00
5.975312656586e-04 1.356936103761e+00
5.976857293656e-04 1.351949588174e+00
5.978363314799e-04 1.346944425637e+00
5.979907951869e-04 1.341920036749e+00
5.981413973012e-04 1.336877324895e+00
6.009101592487e-04 1.373743520927e+00
6.026633223229e-04 1.316295327059e+00
6.055247624946e-04 1.412990349249e+00
6.056753646089e-04 1.408202160153e+00
6.058298283159e-04 1.403397101014e+00
6.059842920229e-04 1.398576248335e+00
6.061348941372e-04 1.393738540472e+00
6.062893578442e-04 1.388884163086e+00
6.064438215511e-04 1.384012036705e+00
6.080347977330e-04 1.332291387143e+00
6.081892614400e-04 1.327211527802e+00
6.083398635543e-04 1.322112716950e+00
6.285012389073e-04 1.316360988340e+00
6.422214776795e-04 1.312588346930e+00
6.830732665819e-04 1.315297297814e+00
7.073549613186e-04 1.316725770244e+00
7.157848181268e-04 1.317210873849e+00
7.198510752129e-04 1.311625201003e+00
7.394949971476e-04 1.306971775131e+00
7.585210642544e-04 1.301282044808e+00
7.804317410889e-04 1.297044481463e+00
7.888809058605e-04 1.295279824713e+00
7.919277024806e-04 1.294541887496e+00
8.141279987657e-04 1.288940955045e+00
8.500021947109e-04 1.284221825634e+00
8.778018003739e-04 1.281468491515e+00
8.923561431637e-04 1.279858687751e+00
8.975461237181e-04 1.279438903995e+00
9.509519504051e-04 1.273205972620e+00
9.751795828443e-04 1.270324371091e+00
9.794311963788e-04 1.269818015520e+00
1.004898400066e-03 1.264694217308e+00
1.009547757646e-03 1.263797357861e+00
1.034265812355e-03 1.256830391227e+00
1.038922893121e-03 1.255403329464e+00
1.061710151492e-03 1.248647778962e+00
1.067058457346e-03 1.244948774374e+00
1.068286443817e-03 1.244449096050e+00
1.072561226907e-03 1.242534798860e+00
1.077581297384e-03 1.240282981206e+00
1.095723059768e-03 1.234384778508e+00
1.109574592691e-03 1.230500809204e+00
1.128616106169e-03 1.223217419326e+00
1.136594156634e-03 1.218347930527e+00
1.136825852195e-03 1.218269994458e+00
1.158860099995e-03 1.210011611238e+00
1.169939009378e-03 1.203981527273e+00
1.176013294654e-03 1.200662530997e+00
1.178689378378e-03 1.199222916168e+00
1.183736480003e-03 1.200844419302e+00
1.204820776005e-03 1.190618507855e+00
1.215189152336e-03 1.186088682346e+00
1.224534206608e-03 1.181923253563e+00
1.244243775618e-03 1.173184940242e+00
1.254372733203e-03 1.168668369298e+00
1.263949483036e-03 1.164735160731e+00
1.267320653441e-03 1.163322975218e+00
1.283666775231e-03 1.156451121543e+00
1.300511042477e-03 1.149616857836e+00
1.303364759463e-03 1.148394899388e+00
1.323074328474e-03 1.139674636635e+00
1.339211924260e-03 1.132726711498e+00
1.342768451113e-03 1.131319829185e+00
1.364698435911e-03 1.124455283072e+00
1.372186064107e-03 1.122101881202e+00
1.378341442830e-03 1.117720151900e+00
1.378858896248e-03 1.117371913333e+00
1.411470046383e-03 1.109725148887e+00
1.420687668097e-03 1.107532749356e+00
1.447351965514e-03 1.101918683850e+00
1.462076218381e-03 1.098877329445e+00
1.479283475338e-03 1.095312399330e+00
1.483222299866e-03 1.094570218737e+00
1.522344095251e-03 1.087414032092e+00
1.540636459749e-03 1.084696160794e+00
1.559457862444e-03 1.082416776848e+00
1.584175917153e-03 1.079415961704e+00
1.613531744664e-03 1.074453057400e+00
1.620220023176e-03 1.073637894132e+00
1.656835644915e-03 1.074590250926e+00
1.679082280312e-03 1.075168464513e+00
1.703375559827e-03 1.075486570716e+00
1.710515644682e-03 1.067396694796e+00
1.740489327020e-03 1.061816850778e+00
1.754213427385e-03 1.059304709326e+00
1.771903383426e-03 1.056057818324e+00
1.799092857447e-03 1.051629306846e+00
1.833256367837e-03 1.045850549806e+00
1.851595071448e-03 1.043922097527e+00
1.857711834244e-03 1.043278081254e+00
1.916338534227e-03 1.036868237681e+00
1.927934897028e-03 1.035074769392e+00
1.948972853918e-03 1.031677517208e+00
1.952243622914e-03 1.031210025473e+00
1.991353833520e-03 1.026864899050e+00
2.025413080908e-03 1.022827522272e+00
2.030479490497e-03 1.022056159779e+00
2.046339051611e-03 1.019548072565e+00
2.069609009067e-03 1.015523316420e+00
2.083943241074e-03 1.013016157667e+00
2.108746250822e-03 1.010457601049e+00
2.143716834081e-03 1.006739681769e+00
2.147887354169e-03 1.006254856128e+00
2.181336469915e-03 1.002261907780e+00
2.187032319110e-03 1.001722623588e+00
2.226181145643e-03 9.978953114070e-01
2.241098478144e-03 9.965189921454e-01
2.265322248991e-03 9.939253335431e-01
2.278671774866e-03 9.924545770526e-01
2.304467213931e-03 9.897151946718e-01
2.338491706985e-03 9.859918737973e-01
2.343619902057e-03 9.855306426870e-01
2.375999356632e-03 9.828017390037e-01
2.382761005404e-03 9.822309179911e-01
2.421894385567e-03 9.790353108132e-01
2.435869489455e-03 9.778917283488e-01
2.461031627322e-03 9.754530273933e-01
2.473326938397e-03 9.742590230613e-01
2.500165007484e-03 9.716476668775e-01
2.533258856704e-03 9.683199625548e-01
2.539306110832e-03 9.678930121521e-01
2.570654520163e-03 9.657700976026e-01
2.578443352587e-03 9.652194384497e-01
2.617569009564e-03 9.626815667929e-01
2.630628915989e-03 9.617549674341e-01
2.656702389726e-03 9.595058929364e-01
2.667985963521e-03 9.585309159967e-01
2.695839631481e-03 9.562818872546e-01
2.728006698459e-03 9.536780618979e-01
2.734973011644e-03 9.534332317256e-01
2.765309683694e-03 9.523666454412e-01
2.774110253399e-03 9.520699461387e-01
2.813243633561e-03 9.507490747186e-01
2.825357449781e-03 9.503399546528e-01
2.852380875316e-03 9.483177249013e-01
2.862625680681e-03 9.475498419375e-01
2.891514255479e-03 9.455087405578e-01
2.922735232251e-03 9.433930231147e-01
2.930647635641e-03 9.431827861340e-01
2.959933954484e-03 9.423148826957e-01
2.969781015803e-03 9.421100668200e-01
3.008925980744e-03 9.411171424461e-01
3.020085983573e-03 9.407996312851e-01
3.048070945684e-03 9.388430240591e-01
3.057226781915e-03 9.381881258140e-01
3.087223633810e-03 9.361731922333e-01
3.117463766043e-03 9.341375727789e-01
3.126372460343e-03 9.334907303412e-01
3.154508024569e-03 9.314881212043e-01
3.165521286876e-03 9.307525082049e-01
3.204658528631e-03 9.283752277073e-01
3.214841548513e-03 9.278503037664e-01
3.243784185608e-03 9.275712632733e-01
3.251777682444e-03 9.275434333837e-01
3.282894396214e-03 9.275074895229e-01
3.312196161428e-03 9.284701008623e-01
3.344733941302e-03 9.285166295006e-01
3.345803602473e-03 9.285132697045e-01
3.403329748544e-03 9.294929783060e-01
3.409570082305e-03 9.296580552664e-01
3.446270659083e-03 9.304355043208e-01
3.464690456140e-03 9.306875439287e-01
3.506947864776e-03 9.318226859570e-01
3.539956758957e-03 9.339125794354e-01
3.543513285810e-03 9.341624464294e-01
3.604302477690e-03 9.400804045461e-01
3.615199892217e-03 9.407434665128e-01
3.636376866444e-03 9.421443516924e-01
3.701676398568e-03 9.471957665743e-01
3.715504761935e-03 9.481907538414e-01
3.715647640864e-03 9.481983902108e-01
3.776695559453e-03 9.527688007615e-01
3.797915011199e-03 9.544059820116e-01
3.799054181038e-03 9.545153357014e-01
3.834959269725e-03 9.590477151009e-01
3.874841798866e-03 9.650675447084e-01
3.883487904864e-03 9.661822299779e-01
3.896416517138e-03 9.677347075563e-01
3.932028124781e-03 9.723564403448e-01
3.932939460652e-03 9.724974230750e-01
3.974069284227e-03 9.791281265224e-01
3.993771130052e-03 9.830522713350e-01
4.008209625062e-03 9.862025299170e-01
4.012847397864e-03 9.872033436812e-01
4.051610065129e-03 9.959848675104e-01
4.077413227380e-03 1.003632326868e+00
4.086275582567e-03 1.005344624407e+00
4.091114158188e-03 1.006286038028e+00
4.123134484644e-03 1.012495121376e+00
4.152976872832e-03 1.021759585038e+00
4.164337678480e-03 1.023740509790e+00
4.188457186325e-03 1.028190076009e+00
4.193724398732e-03 1.029258624529e+00
4.237769724777e-03 1.044659466566e+00
4.239573088556e-03 1.045191258532e+00
4.280791728762e-03 1.057890497043e+00
4.285788629683e-03 1.059504588326e+00
4.319496472138e-03 1.069717396813e+00
4.339812311198e-03 1.076241412856e+00
4.358181907550e-03 1.082276237395e+00
4.383127796226e-03 1.090742549806e+00
4.393635189893e-03 1.094569119664e+00
4.412271236140e-03 1.103576264616e+00
4.437228709595e-03 1.109878971275e+00
4.457695150769e-03 1.115339751461e+00
4.464464522727e-03 1.123180329094e+00
4.480451516399e-03 1.128083953650e+00
4.496743575893e-03 1.132989459375e+00
4.503065003101e-03 1.140149909327e+00
4.534564014546e-03 1.149612508928e+00
4.535340194673e-03 1.149848924133e+00
4.551377389050e-03 1.158604469042e+00
4.560958000475e-03 1.165472240521e+00
4.577779098165e-03 1.171152440883e+00
4.586108553564e-03 1.174023897762e+00
4.605397208972e-03 1.182686953675e+00
4.618854859443e-03 1.190472353290e+00
4.631872288348e-03 1.195427147574e+00
4.644623267359e-03 1.200275446657e+00
4.663240005642e-03 1.209569130870e+00
4.675102818338e-03 1.214104688351e+00
4.689645576350e-03 1.219816103729e+00
4.695970865150e-03 1.226541994018e+00
4.724986872506e-03 1.236613675728e+00
4.729172838965e-03 1.238597429254e+00
4.744260081544e-03 1.245695858317e+00
4.763525567396e-03 1.254974736228e+00
4.772414953733e-03 1.261065539957e+00
4.775017667195e-03 1.262893526003e+00
4.798835970811e-03 1.272727885188e+00
4.824588932357e-03 1.283182802139e+00
4.826484974360e-03 1.286281767272e+00
4.828940947301e-03 1.290278225953e+00
4.859856858252e-03 1.301966837738e+00
4.869383407380e-03 1.310133004955e+00
4.869711642757e-03 1.310345608435e+00
4.878971741990e-03 1.316466444678e+00
4.888401751301e-03 1.327858644202e+00
4.894414251095e-03 1.322983425670e+00
4.914235806293e-03 1.335418062758e+00
4.923812556125e-03 1.340673595079e+00
4.927056293972e-03 1.342457439631e+00
4.931080073538e-03 1.347803171574e+00
4.946186624081e-03 1.356093086920e+00
4.950210403647e-03 1.361421269291e+00
4.965324677375e-03 1.369347841337e+00
4.966992885410e-03 1.371658720754e+00
4.969340733756e-03 1.374962720275e+00
4.984462730669e-03 1.382905646927e+00
4.988471063865e-03 1.388784245382e+00
5.003589199186e-03 1.396855640181e+00
5.007605255567e-03 1.402332494513e+00
5.012636910822e-03 1.419756316363e+00
5.021124691520e-03 1.411518940488e+00
5.022734975665e-03 1.409949932701e+00
5.032300140720e-03 1.416685227121e+00
5.045908393304e-03 1.427953490615e+00
5.060837310584e-03 1.441614543681e+00
5.060987912698e-03 1.436935840552e+00
5.064258681693e-03 1.440650182583e+00
5.079851792912e-03 1.458152473091e+00
5.080164581919e-03 1.448769505360e+00
5.085841123150e-03 1.454485108605e+00
5.105674263126e-03 1.465948167099e+00
5.118440688508e-03 1.472433295143e+00
5.118498612398e-03 1.472462244037e+00
5.122522391965e-03 1.477414814905e+00
5.140818618056e-03 1.487169824716e+00
5.158280740129e-03 1.496089716099e+00
5.160956823853e-03 1.497529532839e+00
5.181894379333e-03 1.506873254930e+00
5.207821112549e-03 1.517359978158e+00
5.214582761322e-03 1.523923434704e+00
5.215803024607e-03 1.524223875157e+00
5.265246857210e-03 1.536035176435e+00
5.265880158409e-03 1.536173487941e+00
5.313203976634e-03 1.541764428471e+00
5.344903790898e-03 1.545298916306e+00
5.356021316207e-03 1.545375780889e+00
5.380094484940e-03 1.546355204802e+00
5.410651267772e-03 1.548664972615e+00
5.438667122625e-03 1.550779557592e+00
5.453248496563e-03 1.551583417402e+00
5.497286099422e-03 1.554892484718e+00
5.508098558911e-03 1.555050912952e+00
5.523394327494e-03 1.555261436917e+00
5.546135246754e-03 1.557124835136e+00
5.565717383205e-03 1.559253426966e+00
5.598988865688e-03 1.561009681683e+00
5.605549711642e-03 1.561383534664e+00
5.628197952677e-03 1.562693393707e+00
5.630951268254e-03 1.562864943319e+00
5.670076925231e-03 1.565675648735e+00
5.702997002780e-03 1.567915799179e+00
5.705935674806e-03 1.568118228155e+00
5.709206443801e-03 1.568359371007e+00
5.748343685556e-03 1.571099744107e+00
5.783673396934e-03 1.573375982396e+00
5.787484788904e-03 1.573686032234e+00
5.800436570733e-03 1.574172942607e+00
5.818196035443e-03 1.575012502945e+00
5.852799767398e-03 1.577435108406e+00
5.861399534284e-03 1.576682359609e+00
5.869211536265e-03 1.576013834234e+00
5.869335107230e-03 1.572561978650e+00
5.892844483432e-03 1.574151218677e+00
5.897810491611e-03 1.574226742360e+00
5.918358026232e-03 1.574793286759e+00
5.934823857395e-03 1.572126106294e+00
5.936345324909e-03 1.572046733154e+00
5.954506395257e-03 1.571889136887e+00
5.974327950454e-03 1.567879353987e+00
5.979378913672e-03 1.573318241889e+00
5.997385520313e-03 1.570781443766e+00
6.001417023065e-03 1.570188422902e+00
6.002394006012e-03 1.570019421018e+00
6.016971518358e-03 1.567607599438e+00
6.030166580526e-03 1.565447676839e+00
6.055653092177e-03 1.566443215467e+00
6.056363625229e-03 1.566483248345e+00
6.059773411561e-03 1.562917865322e+00
6.070315559562e-03 1.561797652402e+00
6.091689475015e-03 1.561855681926e+00
6.092338222584e-03 1.561860206571e+00
6.113912940856e-03 1.562049683066e+00
6.115592733669e-03 1.562042602286e+00
6.119010243186e-03 1.558286729331e+00
6.135375672940e-03 1.559235687444e+00
6.138750704938e-03 1.556619120451e+00
6.155119996284e-03 1.557497690355e+00
6.158491166689e-03 1.554949723141e+00
6.169037176283e-03 1.553589831591e+00
6.172180512720e-03 1.553774938981e+00
6.182266992785e-03 1.554544750462e+00
6.194570027046e-03 1.555407852156e+00
6.197983674970e-03 1.551673472337e+00
6.208521961379e-03 1.550660806726e+00
6.229892015239e-03 1.550831845883e+00
6.230436499806e-03 1.550827290257e+00
6.253806858671e-03 1.550427552371e+00
6.276787196677e-03 1.550069434603e+00
6.286827337630e-03 1.549535138436e+00
6.288696348485e-03 1.549414108943e+00
6.296504488872e-03 1.548942604569e+00
6.316217919475e-03 1.548041538918e+00
6.335931350078e-03 1.547067555146e+00
6.346956197163e-03 1.546723348303e+00
6.355629334310e-03 1.546376201431e+00
6.375342764913e-03 1.545226952617e+00
6.384166504174e-03 1.544873998871e+00
6.395044610738e-03 1.544380037671e+00
6.405219907435e-03 1.542478910869e+00
6.410127991724e-03 1.541734078833e+00
6.429849145512e-03 1.540953111619e+00
6.444449827414e-03 1.539104237818e+00
6.463464309743e-03 1.539286268641e+00
6.466480213621e-03 1.539261977778e+00
6.481548148237e-03 1.538946276591e+00
6.490398918647e-03 1.538772797980e+00
6.508745345443e-03 1.536689975058e+00
6.521720296829e-03 1.535962941289e+00
6.528466499231e-03 1.535554700993e+00
6.552802256265e-03 1.536443931045e+00
6.569291256985e-03 1.533813391465e+00
6.578918207522e-03 1.534457685803e+00
6.579976283915e-03 1.534525607432e+00
6.588923594141e-03 1.535179164207e+00
6.602736511137e-03 1.534166072257e+00
6.618511117212e-03 1.533424135843e+00
6.638228409408e-03 1.534969088415e+00
6.676303713177e-03 1.538116951553e+00
6.677396543904e-03 1.538208686817e+00
6.696476673309e-03 1.540133973420e+00
6.706825741676e-03 1.541131440212e+00
6.732964862489e-03 1.544118026066e+00
6.754728798802e-03 1.547438681335e+00
6.763637493102e-03 1.548639670996e+00
6.773685357241e-03 1.550659054443e+00
6.812988647481e-03 1.558445432316e+00
6.831165164199e-03 1.561953926990e+00
6.871078586082e-03 1.569503572409e+00
6.871252357752e-03 1.569536438752e+00
6.892560626129e-03 1.570619600414e+00
6.929597161469e-03 1.572976839105e+00
6.951137125407e-03 1.583625528127e+00
6.968325074401e-03 1.592206636471e+00
6.968471814923e-03 1.592238265248e+00
7.012490109818e-03 1.601755150574e+00
7.026584923080e-03 1.604948323139e+00
7.065853458986e-03 1.613495764944e+00
7.087625118484e-03 1.618224595343e+00
7.092089119615e-03 1.618990545322e+00
7.159794423976e-03 1.631471029835e+00
7.163231241456e-03 1.632156795956e+00
7.169664654852e-03 1.633445175065e+00
7.223626550884e-03 1.643798356720e+00
7.260056816174e-03 1.648807344690e+00
7.260605162334e-03 1.648869545373e+00
7.298603234250e-03 1.653445809315e+00
7.310728635247e-03 1.655029001190e+00
7.357925020914e-03 1.663031478209e+00
7.376348679563e-03 1.666260230512e+00
7.391501569218e-03 1.668945985365e+00
7.447274552214e-03 1.677044449472e+00
7.454090263284e-03 1.678245260718e+00
7.455202401975e-03 1.678410786102e+00
7.528047486185e-03 1.689217636688e+00
7.531855016562e-03 1.689771166469e+00
7.552475921443e-03 1.691970694980e+00
7.629101504881e-03 1.699648389652e+00
7.633897602983e-03 1.699552502358e+00
7.649795780023e-03 1.699254093190e+00
7.726479287351e-03 1.696778291356e+00
7.731387371640e-03 1.696296424721e+00
7.747219901605e-03 1.694831657833e+00
7.823926578490e-03 1.687307261009e+00
7.828857832335e-03 1.686737192215e+00
7.844682639115e-03 1.684932658521e+00
7.921389315999e-03 1.676094291486e+00
7.926316708251e-03 1.675539206340e+00
7.942149238217e-03 1.673793675551e+00
8.018852053508e-03 1.665311551098e+00
8.023771722575e-03 1.664766144380e+00
8.039615837318e-03 1.663021584516e+00
8.116314791017e-03 1.654550467137e+00
8.121219013714e-03 1.653992856879e+00
8.137086298013e-03 1.652227458569e+00
8.213777528526e-03 1.643700281673e+00
8.218662443260e-03 1.642982501295e+00
8.234549035522e-03 1.640672884136e+00
8.311282743555e-03 1.629797796934e+00
8.316094288027e-03 1.628657250170e+00
8.331984741883e-03 1.624871298934e+00
8.389360285839e-03 1.611399182804e+00
8.413533855981e-03 1.606373245165e+00
8.429385693909e-03 1.603137490996e+00
8.464630450248e-03 1.595919651112e+00
8.510954115970e-03 1.584151489031e+00
8.526786645935e-03 1.580081407276e+00
8.528779227755e-03 1.579574562047e+00
8.604045530572e-03 1.564282816654e+00
8.608382099145e-03 1.563705713053e+00
8.624164428406e-03 1.561603729198e+00
8.682041979410e-03 1.553870921239e+00
8.705810082320e-03 1.551671742623e+00
8.721546072469e-03 1.550242153270e+00
8.779496993733e-03 1.544731462463e+00
8.803234203903e-03 1.542617700444e+00
8.818950886088e-03 1.541216551055e+00
8.876948146465e-03 1.536244893627e+00
8.900654463893e-03 1.534133729225e+00
8.916332530151e-03 1.532735930560e+00
8.974399299196e-03 1.527494882639e+00
8.998078585475e-03 1.525427154194e+00
9.013721897399e-03 1.524088031821e+00
9.071850451927e-03 1.518889171999e+00
9.095491122280e-03 1.516618643045e+00
9.111134434204e-03 1.515114449225e+00
9.169305466251e-03 1.509213676692e+00
9.192907520677e-03 1.506964742904e+00
9.208581725342e-03 1.505613842615e+00
9.266756618982e-03 1.500454777538e+00
9.290293026332e-03 1.498362969672e+00
9.306044462851e-03 1.497136932853e+00
9.364203910120e-03 1.492601280463e+00
9.387643777654e-03 1.490768890306e+00
9.403507200360e-03 1.489616387612e+00
9.461655062852e-03 1.485384178263e+00
9.484971359420e-03 1.483684238714e+00
9.500966076277e-03 1.482546901667e+00
9.559102353990e-03 1.478405864043e+00
9.582298941185e-03 1.476825931690e+00
9.598428813786e-03 1.475650378224e+00
9.656549645128e-03 1.471461370912e+00
9.679638107729e-03 1.469870643423e+00
9.695883828110e-03 1.468719526746e+00
9.753993074674e-03 1.464622177204e+00
9.776981135865e-03 1.463608958420e+00
9.793338842434e-03 1.462856404197e+00
9.851413334664e-03 1.460098672064e+00
9.874335748779e-03 1.459084338146e+00
9.890797718350e-03 1.458371229691e+00
9.948829733061e-03 1.455937580876e+00
9.971682638508e-03 1.455665205924e+00
9.988252732674e-03 1.455467681494e+00
1.004621910031e-02 1.454776453917e+00
1.006902952824e-02 1.454199457913e+00
1.008570388541e-02 1.453761613068e+00
1.014361619074e-02 1.452239919396e+00
1.016638414115e-02 1.452098814448e+00
1.018315889973e-02 1.451978704708e+00
1.024100169640e-02 1.451564643701e+00
1.026373875407e-02 1.450792112873e+00
1.028061005246e-02 1.450186346872e+00
1.033840651002e-02 1.448109032379e+00
1.036109722857e-02 1.447521899491e+00
1.037806120519e-02 1.447033779815e+00
1.043580360045e-02 1.445454241561e+00
1.045846728786e-02 1.444375641175e+00
1.047550463474e-02 1.443629984790e+00
1.053321999885e-02 1.441073223180e+00
1.055582576236e-02 1.439689460043e+00
1.057295192588e-02 1.438507930054e+00
1.063065184362e-02 1.434492434075e+00
1.065320740643e-02 1.432537638693e+00
1.067040307861e-02 1.430978824924e+00
1.072809913476e-02 1.425848168483e+00
1.075060449686e-02 1.423841853433e+00
1.076783878497e-02 1.422320322173e+00
1.082554642589e-02 1.417298709358e+00
1.084799386411e-02 1.415417397265e+00
1.086526676814e-02 1.414035915002e+00
1.092298985544e-02 1.409494506521e+00
1.094537164658e-02 1.407729660093e+00
1.096268702813e-02 1.406362790156e+00
1.102043328499e-02 1.401851957945e+00
1.104275329064e-02 1.400027240161e+00
1.106009956494e-02 1.398538468297e+00
1.111787671453e-02 1.393568180224e+00
1.114014265789e-02 1.391725654930e+00
1.115751210174e-02 1.390252127353e+00
1.121532400567e-02 1.385365311856e+00
1.123754360992e-02 1.383560254618e+00
1.125492463855e-02 1.382198906248e+00
1.131276357362e-02 1.377600869606e+00
1.133492911557e-02 1.375756636974e+00
1.135233717535e-02 1.374236155194e+00
1.141020700317e-02 1.369110717832e+00
1.143233006760e-02 1.367146236664e+00
1.144976129693e-02 1.365560887140e+00
1.150765043271e-02 1.360282665961e+00
1.152973874281e-02 1.358342237399e+00
1.154718155692e-02 1.356938988132e+00
1.154780000000e-02 1.357127363403e+00
1.157585774412e-02 1.354820805894e+00
1.158816850157e-02 1.355104501131e+00
1.159630000000e-02 1.355229761629e+00
1.164480000000e-02 1.350785077985e+00
1.169340000000e-02 1.344841670840e+00
1.174190000000e-02 1.336350894747e+00
1.179040000000e-02 1.325780078711e+00
1.183890000000e-02 1.313579618808e+00
1.188740000000e-02 1.300200526962e+00
1.193600000000e-02 1.286086729599e+00
1.198450000000e-02 1.271751426493e+00
1.203300000000e-02 1.257632469954e+00
1.208150000000e-02 1.244221680857e+00
1.213000000000e-02 1.231998782351e+00
1.217860000000e-02 1.220436126328e+00
1.222710000000e-02 1.208772154198e+00
1.227560000000e-02 1.197045960182e+00
1.232410000000e-02 1.185307797404e+00
1.237260000000e-02 1.173619559611e+00
1.242120000000e-02 1.162023539102e+00
1.246970000000e-02 1.150618856856e+00
1.251820000000e-02 1.139454558132e+00
1.256670000000e-02 1.128580803571e+00
1.261520000000e-02 1.118063237176e+00
1.266380000000e-02 1.107555090819e+00
1.271230000000e-02 1.096770831128e+00
1.276080000000e-02 1.085744348514e+00
1.280930000000e-02 1.074545382376e+00
1.285780000000e-02 1.063229409017e+00
1.290640000000e-02 1.051851911656e+00
1.295490000000e-02 1.040513701724e+00
1.300340000000e-02 1.029266516618e+00
1.305190000000e-02 1.018180888292e+00
1.310040000000e-02 1.007316125379e+00
1.314900000000e-02 9.967295224457e-01
1.319750000000e-02 9.865340152677e-01
1.324600000000e-02 9.767796731559e-01
1.329450000000e-02 9.675414381498e-01
1.334300000000e-02 9.588915185950e-01
1.339160000000e-02 9.508887727033e-01
1.344010000000e-02 9.436378133657e-01
1.348860000000e-02 9.371953157581e-01
1.353710000000e-02 9.316307403761e-01
1.358560000000e-02 9.270122066769e-01
1.363420000000e-02 9.228902788958e-01
1.368270000000e-02 9.187971041541e-01
1.373120000000e-02 9.147292998825e-01
1.377970000000e-02 9.106949991246e-01
1.382820000000e-02 9.066966625099e-01
1.387680000000e-02 9.027341954152e-01
1.392530000000e-02 8.988278276939e-01
1.397380000000e-02 8.949749057979e-01
1.402230000000e-02 8.911809416758e-01
1.407080000000e-02 8.874505380187e-01
1.411940000000e-02 8.837812775353e-01
1.416790000000e-02 8.801953434138e-01
1.421640000000e-02 8.766875692153e-01
1.426490000000e-02 8.732654606837e-01
1.431340000000e-02 8.699325489152e-01
1.436200000000e-02 8.666868181973e-01
1.441050000000e-02 8.635470129443e-01
1.445900000000e-02 8.605116825626e-01
1.450750000000e-02 8.575841669586e-01
1.455600000000e-02 8.547701007715e-01
1.460460000000e-02 8.520546466900e-01
1.465310000000e-02 8.494350528272e-01
1.470160000000e-02 8.469039195002e-01
1.475010000000e-02 8.444584793919e-01
1.479860000000e-02 8.420950889559e-01
1.484720000000e-02 8.398070105502e-01
1.489570000000e-02 8.376015433693e-01
1.494420000000e-02 8.354715092913e-01
1.499270000000e-02 8.334142376142e-01
1.504120000000e-02 8.314274436644e-01
1.508980000000e-02 8.295049966004e-01
1.513830000000e-02 8.276520783825e-01
1.518680000000e-02 8.258621939935e-01
1.523530000000e-02 8.241339907960e-01
1.528380000000e-02 8.224641120833e-01
1.533240000000e-02 8.208485614756e-01
1.538090000000e-02 8.192906119701e-01
1.542940000000e-02 8.177862486782e-01
1.547790000000e-02 8.163320330370e-01
1.552640000000e-02 8.149280157551e-01
1.557500000000e-02 8.136999253844e-01
1.562350000000e-02 8.127586561567e-01
1.567200000000e-02 8.120594859178e-01
1.572050000000e-02 8.115618637380e-01
1.576900000000e-02 8.112268027523e-01
1.581760000000e-02 8.110138088639e-01
1.586610000000e-02 8.108870724487e-01
1.591460000000e-02 8.108079912287e-01
1.596310000000e-02 8.107406684107e-01
1.601160000000e-02 8.106494333995e-01
1.606020000000e-02 8.104990773466e-01
1.610870000000e-02 8.102570335055e-01
1.615720000000e-02 8.098891433880e-01
1.620570000000e-02 8.093631299855e-01
1.625420000000e-02 8.086485555403e-01
1.630280000000e-02 8.077105940929e-01
1.635130000000e-02 8.065240120710e-01
1.639980000000e-02 8.050550789480e-01
1.644830000000e-02 8.032751487505e-01
1.649680000000e-02 8.011538347568e-01
1.654540000000e-02 7.987817086165e-01
1.659390000000e-02 7.963090754483e-01
1.664240000000e-02 7.937729738427e-01
1.669090000000e-02 7.912121532702e-01
1.673940000000e-02 7.886665068803e-01
1.678800000000e-02 7.861687157136e-01
1.683650000000e-02 7.837682878964e-01
1.688500000000e-02 7.814971369750e-01
1.693350000000e-02 7.793930361655e-01
1.698200000000e-02 7.774933416157e-01
1.703060000000e-02 7.764523038353e-01
1.707910000000e-02 7.766752058999e-01
1.712760000000e-02 7.778085305041e-01
1.717610000000e-02 7.795085579587e-01
1.722460000000e-02 7.814418506739e-01
1.727320000000e-02 7.832878316777e-01
1.732170000000e-02 7.847276191575e-01
1.737020000000e-02 7.854618336139e-01
1.741870000000e-02 7.851958804162e-01
1.746720000000e-02 7.836387720287e-01
1.751580000000e-02 7.813556345225e-01
1.756430000000e-02 7.791231718914e-01
1.761280000000e-02 7.769334036783e-01
1.766130000000e-02 7.747845049699e-01
1.770980000000e-02 7.726734114859e-01
1.775840000000e-02 7.705941682846e-01
1.780690000000e-02 7.685534247788e-01
1.785540000000e-02 7.665431405582e-01
1.790390000000e-02 7.645622343044e-01
1.795250000000e-02 7.626038067256e-01
1.800100000000e-02 7.606741169876e-01
1.804950000000e-02 7.587668867712e-01
1.809800000000e-02 7.568788834028e-01
1.814650000000e-02 7.550095828114e-01
1.819510000000e-02 7.531518150095e-01
1.824360000000e-02 7.513113677267e-01
1.829210000000e-02 7.494826705262e-01
1.834060000000e-02 7.476636006789e-01
1.838910000000e-02 7.458518449867e-01
1.843770000000e-02 7.440416941354e-01
1.848620000000e-02 7.422623132077e-01
1.853470000000e-02 7.405308865976e-01
1.858320000000e-02 7.388419014956e-01
1.863170000000e-02 7.371928406193e-01
1.868030000000e-02 7.355732618031e-01
1.872880000000e-02 7.339882563256e-01
1.877730000000e-02 7.324277320793e-01
1.882580000000e-02 7.308892925706e-01
1.887430000000e-02 7.293671384453e-01
1.892290000000e-02 7.278555811938e-01
1.897140000000e-02 7.263550668351e-01
1.901990000000e-02 7.248587675305e-01
1.906840000000e-02 7.233634477004e-01
1.911690000000e-02 7.218636322461e-01
1.916550000000e-02 7.203535000353e-01
1.921400000000e-02 7.188351891783e-01
1.926250000000e-02 7.173006797506e-01
1.931100000000e-02 7.157478433958e-01
1.935950000000e-02 7.141706798958e-01
1.940810000000e-02 7.125633773544e-01
1.945660000000e-02 7.108103652965e-01
1.950510000000e-02 7.088050718269e-01
1.955360000000e-02 7.065714576964e-01
1.960210000000e-02 7.041321071055e-01
1.965070000000e-02 7.015034643079e-01
1.969920000000e-02 6.987192200666e-01
1.974770000000e-02 6.957960142769e-01
1.979620000000e-02 6.927545586969e-01
1.984470000000e-02 6.896164902881e-01
1.989330000000e-02 6.863969077988e-01
1.994180000000e-02 6.831292716436e-01
1.999030000000e-02 6.798281832793e-01
2.003880000000e-02 6.765150383551e-01
2.008730000000e-02 6.732093499398e-01
2.013590000000e-02 6.699257243826e-01
2.018440000000e-02 6.666991059303e-01
2.023290000000e-02 6.635416561492e-01
2.028140000000e-02 6.604751280803e-01
2.032990000000e-02 6.575191518088e-01
2.037850000000e-02 6.546882264723e-01
2.042700000000e-02 6.519503881572e-01
2.047550000000e-02 6.492413521469e-01
2.052400000000e-02 6.465619145810e-01
2.057250000000e-02 6.439109295951e-01
2.062110000000e-02 6.412823018721e-01
2.066960000000e-02 6.386875315167e-01
2.071810000000e-02 6.361203188548e-01
2.076660000000e-02 6.335805154087e-01
2.081510000000e-02 6.310681167227e-01
2.086370000000e-02 6.285772600767e-01
2.091220000000e-02 6.261175452170e-01
2.096070000000e-02 6.236842225766e-01
2.100920000000e-02 6.212771708332e-01
2.105770000000e-02 6.188957393902e-01
2.110630000000e-02 6.165341911200e-01
2.115480000000e-02 6.142030124890e-01
2.120330000000e-02 6.118963502496e-01
2.125180000000e-02 6.096141949284e-01
2.130030000000e-02 6.073553698611e-01
2.134890000000e-02 6.051169631463e-01
2.139740000000e-02 6.029055502427e-01
2.144590000000e-02 6.007192769827e-01
2.149440000000e-02 5.985604205159e-01
2.154290000000e-02 5.964316419936e-01
2.159150000000e-02 5.943299047857e-01
2.164000000000e-02 5.922680646384e-01
2.168850000000e-02 5.902424607855e-01
2.173700000000e-02 5.882572537229e-01
2.178550000000e-02 5.863127531344e-01
2.183410000000e-02 5.844096284455e-01
2.188260000000e-02 5.825411601740e-01
2.193110000000e-02 5.806926951545e-01
2.197960000000e-02 5.788672738292e-01
2.202810000000e-02 5.770691671583e-01
2.207670000000e-02 5.752977918702e-01
2.212520000000e-02 5.735638669589e-01
2.217370000000e-02 5.718673035090e-01
2.222220000000e-02 5.702125955908e-01
2.227070000000e-02 5.686014544279e-01
2.231930000000e-02 5.670356663385e-01
2.236780000000e-02 5.654812465967e-01
2.241630000000e-02 5.638958358450e-01
2.246480000000e-02 5.622845725154e-01
2.251330000000e-02 5.606517403381e-01
2.256190000000e-02 5.589974169044e-01
2.261040000000e-02 5.573337116490e-01
2.265890000000e-02 5.556607323294e-01
2.270740000000e-02 5.539836064633e-01
2.275590000000e-02 5.523057803981e-01
2.280450000000e-02 5.506289397954e-01
2.285300000000e-02 5.489636148953e-01
2.290150000000e-02 5.473100989896e-01
2.295000000000e-02 5.456741620582e-01
2.299850000000e-02 5.440581465042e-01
2.304710000000e-02 5.424649639021e-01
2.309560000000e-02 5.409039545048e-01
2.314410000000e-02 5.393756894428e-01
2.319260000000e-02 5.378851404100e-01
2.324110000000e-02 5.364370135771e-01
2.328970000000e-02 5.350311515703e-01
2.333820000000e-02 5.336925155944e-01
2.338670000000e-02 5.324296517534e-01
2.343520000000e-02 5.312365977952e-01
2.348370000000e-02 5.301080755567e-01
2.353230000000e-02 5.290345658061e-01
2.358080000000e-02 5.280162236756e-01
2.362930000000e-02 5.270437922487e-01
2.367780000000e-02 5.261123844724e-01
2.372630000000e-02 5.252159803033e-01
2.377490000000e-02 5.243481385792e-01
2.382340000000e-02 5.235054690661e-01
2.387190000000e-02 5.226827749297e-01
2.392040000000e-02 5.218729287253e-01
2.396890000000e-02 5.210722068105e-01
2.401750000000e-02 5.202730931440e-01
2.406600000000e-02 5.194743289589e-01
2.411450000000e-02 5.186690271429e-01
2.416300000000e-02 5.178525448221e-01
2.421150000000e-02 5.170208728464e-01
2.426010000000e-02 5.161657461662e-01
2.500000000000e-02 5.038679622084e-01
2.600000000000e-02 4.880543106306e-01
2.700000000000e-02 4.706315441145e-01
2.800000000000e-02 4.537224050108e-01
2.900000000000e-02 4.387961373936e-01
3.000000000000e-02 4.271876518322e-01
3.100000000000e-02 4.183779194942e-01
3.200000000000e-02 4.100072821587e-01
3.400000000000e-02 4.007813963976e-01
3.600000000000e-02 3.856134471774e-01
3.800000000000e-02 3.730929915035e-01
4.000000000000e-02 3.614121188497e-01
4.200000000000e-02 3.508593493004e-01
4.400000000000e-02 3.409281242899e-01
4.600000000000e-02 3.315064087878e-01
4.800000000000e-02 3.224772245197e-01
5.000000000000e-02 3.136516785195e-01
5.250000000000e-02 3.029467074236e-01
5.500000000000e-02 2.923924379569e-01
5.750000000000e-02 2.820086637807e-01
6.000000000000e-02 2.717911762940e-01
6.250000000000e-02 2.617371812210e-01
6.500000000000e-02 2.518336056733e-01
6.750000000000e-02 2.421147673633e-01
7.000000000000e-02 2.326889059859e-01
7.250000000000e-02 2.234994683036e-01
7.500000000000e-02 2.144969997590e-01
8.000000000000e-02 1.971400011286e-01
8.500000000000e-02 1.808259791446e-01
9.000000000000e-02 1.657371446770e-01
1.000000000000e-01 1.389298876776e-01
1.050000000000e-01 1.268969673862e-01
1.100000000000e-01 1.160307602723e-01
1.150000000000e-01 1.061118598804e-01
1.200000000000e-01 9.702354370925e-02
1.250000000000e-01 8.876387658092e-02
1.300000000000e-01 8.131293324917e-02
1.350000000000e-01 7.446230238284e-02
1.400000000000e-01 6.825150402775e-02
1.450000000000e-01 6.262546812517e-02
1.500000000000e-01 5.756796003548e-02
1.550000000000e-01 5.290330555051e-02
1.600000000000e-01 4.862671202498e-02
1.650000000000e-01 4.477190465997e-02
1.700000000000e-01 4.126175376400e-02
1.750000000000e-01 3.807544969769e-02
1.800000000000e-01 3.521734043259e-02
1.850000000000e-01 3.255288156167e-02
1.900000000000e-01 3.008319674637e-02
1.950000000000e-01 2.788948195236e-02
2.000000000000e-01 2.585817867215e-02
2.100000000000e-01 2.235442956031e-02
2.200000000000e-01 1.934002127119e-02
2.300000000000e-01 1.681601692251e-02
2.400000000000e-01 1.466775436012e-02
2.500000000000e-01 1.285594514747e-02
2.600000000000e-01 1.129290881758e-02
2.700000000000e-01 9.953214640421e-03
2.800000000000e-01 8.796116805768e-03
2.900000000000e-01 7.799877960316e-03
3.000000000000e-01 6.937301099958e-03
3.100000000000e-01 6.194429226494e-03
3.200000000000e-01 5.537669896792e-03
3.300000000000e-01 4.967698147917e-03
3.400000000000e-01 4.467538890551e-03
3.500000000000e-01 4.025052601574e-03
3.600000000000e-01 3.639246160295e-03
3.700000000000e-01 3.295592061879e-03
3.800000000000e-01 2.986808897645e-03
3.900000000000e-01 2.721889504521e-03
4.000000000000e-01 2.486077656158e-03
4.100000000000e-01 2.269638396556e-03
4.200000000000e-01 2.073248547083e-03
4.400000000000e-01 1.742894695339e-03
4.600000000000e-01 1.476231887195e-03
4.800000000000e-01 1.257531019336e-03
5.000000000000e-01 1.078956568494e-03
5.200000000000e-01 9.295290672069e-04
5.400000000000e-01 8.055558272957e-04
5.600000000000e-01 6.994151036648e-04
5.800000000000e-01 6.124743205418e-04
6.000000000000e-01 5.417384971849e-04
6.250000000000e-01 4.634276918105e-04
6.750000000000e-01 3.419471654676e-04
7.000000000000e-01 2.976230219642e-04
7.250000000000e-01 2.596112781728e-04
7.500000000000e-01 2.273037918131e-04
7.750000000000e-01 2.001797217235e-04
8.000000000000e-01 1.771060258427e-04
8.250000000000e-01 1.569941749357e-04
8.500000000000e-01 1.396155919797e-04
9.000000000000e-01 1.118080303728e-04
9.500000000000e-01 9.040174149731e-05
1.000000000000e+00 7.395716221929e-05
1.050000000000e+00 6.097349234347e-05
1.100000000000e+00 5.107559950332e-05
1.150000000000e+00 4.283689923499e-05
1.200000000000e+00 3.613979179312e-05
1.250000000000e+00 3.081794977921e-05
1.300000000000e+00 2.638838936201e-05
1.350000000000e+00 2.274033982156e-05
1.400000000000e+00 1.971471962902e-05
1.450000000000e+00 1.714158822048e-05
1.500000000000e+00 1.501478880470e-05
1.550000000000e+00 1.323171917976e-05
1.600000000000e+00 1.165936338275e-05
1.650000000000e+00 1.030430433526e-05
1.700000000000e+00 9.173751728082e-06
1.750000000000e+00 8.206786239358e-06
1.800000000000e+00 7.343957489573e-06
1.850000000000e+00 6.581781988548e-06
1.900000000000e+00 5.916771021292e-06
1.950000000000e+00 5.344878152904e-06
2.000000000000e+00 4.840724625127e-06
2.100000000000e+00 3.988751583815e-06
2.200000000000e+00 3.321749491955e-06
2.300000000000e+00 2.764976249634e-06
2.400000000000e+00 2.340732406594e-06
2.500000000000e+00 2.060831776630e-06
2.600000000000e+00 1.808379600892e-06
2.700000000000e+00 1.577252181106e-06
2.800000000000e+00 1.367984824458e-06
2.900000000000e+00 1.181095867390e-06
3.000000000000e+00 1.017120427171e-06
3.100000000000e+00 8.765897676265e-07
3.200000000000e+00 7.600349600976e-07
3.300000000000e+00 6.679860024762e-07
3.400000000000e+00 6.009576786610e-07
3.500000000000e+00 5.470797724666e-07
3.600000000000e+00 4.958544064204e-07
3.700000000000e+00 4.474537384315e-07
3.800000000000e+00 4.020497093753e-07
3.900000000000e+00 3.598160666217e-07
4.000000000000e+00 3.209230475334e-07
4.100000000000e+00 2.855436018607e-07
4.200000000000e+00 2.538505194596e-07
4.300000000000e+00 2.260157925088e-07
4.600000000000e+00 1.673838506128e-07
4.800000000000e+00 1.507445219816e-07
5.000000000000e+00 1.481294633001e-07
5.200000000000e+00 1.462008430891e-07
5.400000000000e+00 1.442888939570e-07
5.600000000000e+00 1.423936159040e-07
5.800000000000e+00 1.405150032479e-07
6.000000000000e+00 1.386530616708e-07
6.500000000000e+00 1.340701267463e-07
7.000000000000e+00 1.295882026903e-07
7.250000000000e+00 1.273857819592e-07
7.500000000000e+00 1.252079552990e-07
7.750000000000e+00 1.230547386597e-07
8.000000000000e+00 1.209269030567e-07
8.250000000000e+00 1.188228466967e-07
8.500000000000e+00 1.167441435115e-07
8.750000000000e+00 1.146891814392e-07
9.000000000000e+00 1.126587582620e-07
9.500000000000e+00 1.086690687063e-07
1.000000000000e+01 1.047749542262e-07
1.250000000000e+01 8.668851779885e-08
1.500000000000e+01 7.080598463590e-08
1.750000000000e+01 5.698492242407e-08
2.000000000000e+01 4.508275578992e-08
2.250000000000e+01 3.495699427130e-08
2.500000000000e+01 2.646503463599e-08
2.750000000000e+01 1.946438128893e-08
3.000000000000e+01 1.381253625294e-08
3.500000000000e+01 5.984987809347e-09
4.000000000000e+01 1.842220403993e-09
4.500000000000e+01 2.439670434921e-10
5.000000000000e+01 2.857704053465e-11
5.500000000000e+01 2.856822774179e-11
6.000000000000e+01 2.855939924988e-11
7.000000000000e+01 2.854175796511e-11
8.000000000000e+01 2.852412205220e-11
9.000000000000e+01 2.850648076743e-11
1.000000000000e+02 2.848883948266e-11
1.500000000000e+02 2.840072395692e-11
3.000000000000e+02 2.813758836336e-11
4.500000000000e+02 2.787602651283e-11
6.000000000000e+02 2.761612888687e-11
1.000000000000e+03 2.693092624462e-11
3.000000000000e+03 2.367451858467e-11
1.000000000000e+04 1.435362432481e-11
3.000000000000e+04 1.601100403204e-12
1.000000000000e+05 5.248871197448e-21
3.000000000000e+05 1.513456717504e-20
1.000000000000e+06 1.448558404066e-20
3.000000000000e+06 1.273418480213e-20
1.000000000000e+07 7.721053042441e-21
3.000000000000e+07 8.616039073320e-22
1.000000000000e+08 1.031272216570e-22
