1.000000000000e-09 2.004361497100e+00
1.000000000000e-06 2.004361497100e+00
4.852010000000e-06 2.004361497100e+00
9.704030000000e-06 2.004361325209e+00
1.455600000000e-05 2.004361325209e+00
1.940810000000e-05 2.004359686050e+00
2.426010000000e-05 2.004359514160e+00
2.911210000000e-05 2.004358046895e+00
3.396410000000e-05 2.004356235854e+00
3.832630729342e-05 2.004373290065e+00
3.881610000000e-05 2.004340566692e+00
4.366810000000e-05 2.004016372516e+00
4.852010000000e-05 2.003691953945e+00
5.337210000000e-05 2.003366014883e+00
5.822420000000e-05 2.003041484344e+00
6.307620000000e-05 2.002715439452e+00
6.792820000000e-05 2.002390810145e+00
7.278020000000e-05 2.002064659320e+00
7.763220000000e-05 2.001738283266e+00
8.248420000000e-05 2.001411854011e+00
8.733620000000e-05 2.001085543694e+00
9.218830000000e-05 2.000759001329e+00
9.704030000000e-05 2.000430942313e+00
1.007759840238e-04 2.000179323477e+00
1.018920000000e-04 1.962823630210e+00
1.050044280023e-04 1.854671491747e+00
1.067440000000e-04 1.970471761011e+00
1.070047330076e-04 1.987246963816e+00
1.071591967146e-04 1.982134716158e+00
1.073136604216e-04 1.977008490320e+00
1.074642625359e-04 1.971869701617e+00
1.076187262429e-04 1.966717483004e+00
1.077731899498e-04 1.961551731603e+00
1.080782557711e-04 1.951178434411e+00
1.082327194781e-04 1.945971433683e+00
1.083833215924e-04 1.940749692790e+00
1.085377852994e-04 1.935514636438e+00
1.086883874137e-04 1.930265385180e+00
1.088428511206e-04 1.925001816888e+00
1.089973148276e-04 1.919723035446e+00
1.091479169419e-04 1.914430485073e+00
1.093023806489e-04 1.909123259504e+00
1.094568443559e-04 1.903800451145e+00
1.096074464702e-04 1.898463512195e+00
1.097619101771e-04 1.893111524696e+00
1.099163738841e-04 1.887744363715e+00
1.100669759984e-04 1.882361105657e+00
1.102214397054e-04 1.876963204192e+00
1.103759034124e-04 1.871549734229e+00
1.105265055267e-04 1.866119759567e+00
1.106809692337e-04 1.860674741820e+00
1.115960000000e-04 1.922242253231e+00
1.126812742390e-04 1.992799876561e+00
1.164480000000e-04 1.965501710069e+00
1.176550056036e-04 1.956673700824e+00
1.207404181505e-04 1.849176843725e+00
1.208948818574e-04 1.843681737706e+00
1.210454839717e-04 1.838170208867e+00
1.211999476787e-04 1.832641281688e+00
1.213000000000e-04 1.829051586656e+00
1.213544113857e-04 1.827096444617e+00
1.261520000000e-04 1.742287366454e+00
1.287841156912e-04 1.693955483869e+00
1.310040000000e-04 1.809475481098e+00
1.312439502248e-04 1.821523494100e+00
1.313984139318e-04 1.815943884088e+00
1.315490160461e-04 1.810347910484e+00
1.317034797531e-04 1.804734580927e+00
1.318579434601e-04 1.799103737475e+00
1.320085455744e-04 1.793454383315e+00
1.321630092813e-04 1.787788011939e+00
1.323136113956e-04 1.782103628431e+00
1.324680751026e-04 1.776400206335e+00
1.326225388096e-04 1.770679260529e+00
1.327731409239e-04 1.764939775320e+00
1.329276046309e-04 1.759181560018e+00
1.330820683378e-04 1.753403579244e+00
1.332326704521e-04 1.747607358231e+00
1.333871341591e-04 1.741791844378e+00
1.335415978661e-04 1.735956848468e+00
1.336921999804e-04 1.730101311074e+00
1.338466636874e-04 1.724226753412e+00
1.340011273944e-04 1.718332112189e+00
1.341517295087e-04 1.712416308792e+00
1.343061932156e-04 1.706480871624e+00
1.344606569226e-04 1.700524717791e+00
1.358560000000e-04 1.698810317578e+00
1.407080000000e-04 1.692833410326e+00
1.445123826541e-04 1.688133728967e+00
1.446668463610e-04 1.682112611419e+00
1.448213100680e-04 1.676069863731e+00
1.449719121823e-04 1.670004357766e+00
1.455600000000e-04 1.669630569706e+00
1.504120000000e-04 1.666543237215e+00
1.548691742068e-04 1.663700460483e+00
1.550236379138e-04 1.657589624634e+00
1.551742400281e-04 1.651457091977e+00
1.552640000000e-04 1.647882945022e+00
1.553287037351e-04 1.645301697962e+00
1.554793058494e-04 1.639123199049e+00
1.556337695563e-04 1.632920397658e+00
1.557882332633e-04 1.626694866444e+00
1.559388353776e-04 1.620445424214e+00
1.560932990846e-04 1.614170851021e+00
1.562477627916e-04 1.607872724973e+00
1.563983649059e-04 1.601549838143e+00
1.565528286129e-04 1.595201882986e+00
1.567072923198e-04 1.588827621522e+00
1.568578944341e-04 1.582428638281e+00
1.570123581411e-04 1.576003667090e+00
1.601160000000e-04 1.573891357691e+00
1.648050521580e-04 1.610126767152e+00
1.649595158650e-04 1.607922198252e+00
1.649680000000e-04 1.607798059149e+00
1.651101179793e-04 1.605717174733e+00
1.652645816863e-04 1.603506543349e+00
1.698200000000e-04 1.599338646596e+00
1.708677526569e-04 1.598378440604e+00
1.726131925457e-04 1.523841193359e+00
1.746720000000e-04 1.555044663839e+00
1.751811516742e-04 1.562665340556e+00
1.753896776786e-04 1.562877357199e+00
1.756059268683e-04 1.563098143720e+00
1.769150067850e-04 1.581306281753e+00
1.770694704919e-04 1.574693598138e+00
1.772239341989e-04 1.568053984824e+00
1.773745363132e-04 1.561390737882e+00
1.775290000202e-04 1.554694313249e+00
1.776834637272e-04 1.547967951526e+00
1.778340658415e-04 1.541217867783e+00
1.779885295484e-04 1.534433409203e+00
1.781429932554e-04 1.527618819792e+00
1.782935953697e-04 1.520777431318e+00
1.795250000000e-04 1.517500223921e+00
1.798614019955e-04 1.516603706524e+00
1.843770000000e-04 1.511108284641e+00
1.883646290646e-04 1.506238535580e+00
1.892290000000e-04 1.497972450083e+00
1.913689481652e-04 1.477308981560e+00
1.933692531706e-04 1.449211019795e+00
1.940810000000e-04 1.452548217244e+00
1.966631917218e-04 1.464591488307e+00
1.982773374597e-04 1.481411585687e+00
1.984279395740e-04 1.474822303064e+00
1.985824032810e-04 1.468210543268e+00
1.987368669880e-04 1.461567847591e+00
1.988874691023e-04 1.454888694202e+00
1.989330000000e-04 1.452916150288e+00
1.990419328093e-04 1.448185929453e+00
2.037850000000e-04 1.449604511451e+00
2.053440520539e-04 1.450070498060e+00
2.054946541682e-04 1.447500710360e+00
2.056491178752e-04 1.444920299809e+00
2.057997199895e-04 1.442340989486e+00
2.059541836964e-04 1.439751331396e+00
2.061086474034e-04 1.437157006929e+00
2.062592495177e-04 1.434563738463e+00
2.086370000000e-04 1.430246163228e+00
2.091245512821e-04 1.429359244885e+00
2.092983229525e-04 1.421131180595e+00
2.094527866595e-04 1.413936991536e+00
2.134890000000e-04 1.410332228406e+00
2.183410000000e-04 1.405986649137e+00
2.193307407206e-04 1.405098560860e+00
2.194813428349e-04 1.397822789097e+00
2.196358065418e-04 1.390506933927e+00
2.197864086562e-04 1.383154408331e+00
2.199408723631e-04 1.375761643914e+00
2.231930000000e-04 1.369251426923e+00
2.233081811752e-04 1.369020279803e+00
2.274516701148e-04 1.356355078310e+00
2.280450000000e-04 1.354675393282e+00
2.328970000000e-04 1.340860943464e+00
2.343330282606e-04 1.336744877101e+00
2.377490000000e-04 1.351402255177e+00
2.397083652634e-04 1.359738371422e+00
2.398628289704e-04 1.352253937128e+00
2.400134310847e-04 1.344728987732e+00
2.426010000000e-04 1.339694759856e+00
2.474530000000e-04 1.330203367579e+00
2.523050000000e-04 1.320643762984e+00
2.542047841631e-04 1.316881827003e+00
2.571570000000e-04 1.324448878296e+00
2.579119131305e-04 1.326376923195e+00
2.620090000000e-04 1.319966533535e+00
2.668610000000e-04 1.312334492384e+00
2.699716670527e-04 1.307418075318e+00
2.717130000000e-04 1.306738966326e+00
2.765650000000e-04 1.304844852143e+00
2.814170000000e-04 1.302947720172e+00
2.862690000000e-04 1.301048086613e+00
2.911210000000e-04 1.299145675402e+00
2.935930294420e-04 1.297195274802e+00
3.013702770882e-04 1.294188639831e+00
3.316065477288e-04 1.284518524414e+00
3.332168318740e-04 1.284101159827e+00
3.581704437359e-04 1.277671771340e+00
3.909669503196e-04 1.285779707428e+00
3.969369725943e-04 1.287211396313e+00
3.999721844363e-04 1.298056417423e+00
4.257135612039e-04 1.309416480871e+00
4.306216454930e-04 1.313961105222e+00
4.393758760859e-04 1.322106439845e+00
4.544669802575e-04 1.332687921084e+00
4.575253616556e-04 1.341996023989e+00
4.629470377704e-04 1.393940854481e+00
4.730798569481e-04 1.374931553956e+00
4.732343206550e-04 1.367533074205e+00
4.733887843620e-04 1.360094349677e+00
4.735393864763e-04 1.352613589585e+00
4.770457126247e-04 1.385033341104e+00
4.811660320083e-04 1.452480590182e+00
4.883447327900e-04 1.439352513378e+00
4.913104359639e-04 1.433902490068e+00
4.914610380782e-04 1.426810248931e+00
4.916155017852e-04 1.419681549603e+00
4.917699654922e-04 1.412517935500e+00
4.919167060138e-04 1.405498122783e+00
4.920595849427e-04 1.398805543236e+00
4.952724300478e-04 1.443552159430e+00
5.194305538189e-04 1.483694305571e+00
5.195850175259e-04 1.476841226473e+00
5.197394812328e-04 1.469956198000e+00
5.198900833471e-04 1.463038741616e+00
5.200329622761e-04 1.456644546246e+00
5.235470116098e-04 1.493175975624e+00
5.279723968147e-04 1.567124433203e+00
5.321351937177e-04 1.633670912500e+00
5.355565648272e-04 1.626629002017e+00
5.357110285342e-04 1.620381985047e+00
5.358616306485e-04 1.614109800493e+00
5.360160943554e-04 1.607814142029e+00
5.361705580624e-04 1.601493734790e+00
5.363211601767e-04 1.595147282589e+00
5.364756238837e-04 1.588776485354e+00
5.366300875907e-04 1.582380038953e+00
5.367806897050e-04 1.575957568673e+00
5.369351534119e-04 1.569507924643e+00
5.370896171189e-04 1.563032626909e+00
5.372402192332e-04 1.556530328442e+00
5.373946829402e-04 1.549999848588e+00
5.375491466472e-04 1.543442709622e+00
5.376997487615e-04 1.536857530309e+00
5.378542124685e-04 1.530244077175e+00
5.380086761754e-04 1.523600932984e+00
5.381592782897e-04 1.516929620507e+00
5.383137419967e-04 1.510228903456e+00
5.384682057037e-04 1.503498323277e+00
5.523390465901e-04 1.733126852898e+00
5.525359878165e-04 1.725678335900e+00
5.526865899308e-04 1.719791088934e+00
5.528410536378e-04 1.713882801372e+00
5.529955173448e-04 1.707954953768e+00
5.531461194591e-04 1.702006402656e+00
5.533005831661e-04 1.696037046159e+00
5.534511852804e-04 1.690045659893e+00
5.536056489873e-04 1.684033906959e+00
5.537601126943e-04 1.678000615926e+00
5.539107148086e-04 1.671944597655e+00
5.540651785156e-04 1.665867523212e+00
5.542196422226e-04 1.659768198320e+00
5.543702443369e-04 1.653646317304e+00
5.545247080438e-04 1.647500837631e+00
5.546791717508e-04 1.641333262095e+00
5.857225152603e-04 1.638471001976e+00
5.937353200597e-04 1.637894526666e+00
5.938859221740e-04 1.631693658309e+00
5.940403858810e-04 1.625469274659e+00
5.941948495880e-04 1.619220037905e+00
5.943454517023e-04 1.612947378323e+00
5.944999154092e-04 1.606650370657e+00
5.946505175235e-04 1.600328443670e+00
5.948049812305e-04 1.593980644773e+00
5.949594449375e-04 1.587608410221e+00
5.951100470518e-04 1.581210352322e+00
5.952645107588e-04 1.574785492245e+00
5.954189744657e-04 1.568335268646e+00
5.955695765800e-04 1.561858261483e+00
5.967975630505e-04 1.509040644547e+00
5.972261998374e-04 1.490112104477e+00
5.973768019517e-04 1.483292553070e+00
5.975312656586e-04 1.476442672875e+00
5.976857293656e-04 1.469560864538e+00
5.978363314799e-04 1.462646522119e+00
5.979907951869e-04 1.455698463611e+00
5.981413973012e-04 1.448717961180e+00
6.009101592487e-04 1.499488045202e+00
6.026633223229e-04 1.420042819013e+00
6.055247624946e-04 1.553113703327e+00
6.056753646089e-04 1.546572949960e+00
6.058298283159e-04 1.540003590204e+00
6.059842920229e-04 1.533407064721e+00
6.061348941372e-04 1.526781890193e+00
6.062893578442e-04 1.520127990833e+00
6.064438215511e-04 1.513443846599e+00
6.080347977330e-04 1.442101040229e+00
6.081892614400e-04 1.435053510682e+00
6.083398635543e-04 1.427972090976e+00
6.285012389073e-04 1.419428351705e+00
6.422214776795e-04 1.413729416957e+00
6.830732665819e-04 1.416167745788e+00
7.073549613186e-04 1.417472501121e+00
7.157848181268e-04 1.417915478053e+00
7.198510752129e-04 1.410014160348e+00
7.394949971476e-04 1.402969140867e+00
7.585210642544e-04 1.394478785772e+00
7.804317410889e-04 1.387925878123e+00
7.888809058605e-04 1.385288993015e+00
7.919277024806e-04 1.384195197080e+00
8.141279987657e-04 1.376001193193e+00
8.500021947109e-04 1.368828189484e+00
8.778018003739e-04 1.364533637177e+00
8.923561431637e-04 1.362146196490e+00
8.975461237181e-04 1.361511977025e+00
9.509519504051e-04 1.353175690262e+00
9.751795828443e-04 1.349314889842e+00
9.794311963788e-04 1.348636232944e+00
1.004898400066e-03 1.342598299917e+00
1.009547757646e-03 1.341531498600e+00
1.034265812355e-03 1.332751270293e+00
1.038922893121e-03 1.330986671469e+00
1.061710151492e-03 1.322673396520e+00
1.067058457346e-03 1.318724260876e+00
1.068286443817e-03 1.318147394133e+00
1.072561226907e-03 1.315891842766e+00
1.077581297384e-03 1.313238101109e+00
1.095723059768e-03 1.305752189894e+00
1.109574592691e-03 1.300913472209e+00
1.128616106169e-03 1.292411034622e+00
1.136594156634e-03 1.287123350627e+00
1.136825852195e-03 1.287029828480e+00
1.158860099995e-03 1.276933885914e+00
1.169939009378e-03 1.270067415273e+00
1.176013294654e-03 1.266286900090e+00
1.178689378378e-03 1.264654064949e+00
1.183736480003e-03 1.265686959344e+00
1.204820776005e-03 1.253861693677e+00
1.215189152336e-03 1.248510056984e+00
1.224534206608e-03 1.243570209506e+00
1.244243775618e-03 1.233177544402e+00
1.254372733203e-03 1.227802002522e+00
1.263949483036e-03 1.223202351193e+00
1.267320653441e-03 1.221555776558e+00
1.283666775231e-03 1.213540190837e+00
1.300511042477e-03 1.205501107349e+00
1.303364759463e-03 1.204047867575e+00
1.323074328474e-03 1.193728786653e+00
1.339211924260e-03 1.185444137419e+00
1.342768451113e-03 1.183796998585e+00
1.364698435911e-03 1.175358660862e+00
1.372186064107e-03 1.172463623187e+00
1.378341442830e-03 1.167739413552e+00
1.378858896248e-03 1.167371401507e+00
1.411470046383e-03 1.157851829514e+00
1.420687668097e-03 1.155126309498e+00
1.447351965514e-03 1.148289022297e+00
1.462076218381e-03 1.144564144712e+00
1.479283475338e-03 1.140195707818e+00
1.483222299866e-03 1.139302174851e+00
1.522344095251e-03 1.130622578841e+00
1.540636459749e-03 1.127161373203e+00
1.559457862444e-03 1.124346011236e+00
1.584175917153e-03 1.120637866383e+00
1.613531744664e-03 1.114880064775e+00
1.620220023176e-03 1.113871324578e+00
1.656835644915e-03 1.116176233704e+00
1.679082280312e-03 1.117574311008e+00
1.703375559827e-03 1.118798178310e+00
1.710515644682e-03 1.107343083268e+00
1.740489327020e-03 1.100226584342e+00
1.754213427385e-03 1.097003448272e+00
1.771903383426e-03 1.092834898621e+00
1.799092857447e-03 1.087240451109e+00
1.833256367837e-03 1.079988135365e+00
1.851595071448e-03 1.077799558417e+00
1.857711834244e-03 1.077068582885e+00
1.916338534227e-03 1.069826908181e+00
1.927934897028e-03 1.067883784984e+00
1.948972853918e-03 1.064152341149e+00
1.952243622914e-03 1.063622298627e+00
1.991353833520e-03 1.058487414506e+00
2.025413080908e-03 1.053763926214e+00
2.030479490497e-03 1.052812773405e+00
2.046339051611e-03 1.049742663333e+00
2.069609009067e-03 1.044943856020e+00
2.083943241074e-03 1.041957396844e+00
2.108746250822e-03 1.039387140789e+00
2.143716834081e-03 1.035655713275e+00
2.147887354169e-03 1.035176054144e+00
2.181336469915e-03 1.031227651944e+00
2.187032319110e-03 1.030761146109e+00
2.226181145643e-03 1.027439453224e+00
2.241098478144e-03 1.026254345344e+00
2.265322248991e-03 1.024031916008e+00
2.278671774866e-03 1.022767715416e+00
2.304467213931e-03 1.020478688194e+00
2.338491706985e-03 1.017356187340e+00
2.343619902057e-03 1.016968766242e+00
2.375999356632e-03 1.014701561144e+00
2.382761005404e-03 1.014227471718e+00
2.421894385567e-03 1.011590188628e+00
2.435869489455e-03 1.010646850001e+00
2.461031627322e-03 1.008634199472e+00
2.473326938397e-03 1.007649144228e+00
2.500165007484e-03 1.005495624330e+00
2.533258856704e-03 1.002739164993e+00
2.539306110832e-03 1.002385582997e+00
2.570654520163e-03 1.000640771824e+00
2.578443352587e-03 1.000174249166e+00
2.617569009564e-03 9.980522269409e-01
2.630628915989e-03 9.972676979346e-01
2.656702389726e-03 9.953719595556e-01
2.667985963521e-03 9.945504094422e-01
2.695839631481e-03 9.927535302565e-01
2.728006698459e-03 9.906744149046e-01
2.734973011644e-03 9.904875954189e-01
2.765309683694e-03 9.896739425454e-01
2.774110253399e-03 9.894564523270e-01
2.813243633561e-03 9.884883567710e-01
2.825357449781e-03 9.881886140615e-01
2.852380875316e-03 9.866058853399e-01
2.862625680681e-03 9.860050892489e-01
2.891514255479e-03 9.844927336253e-01
2.922735232251e-03 9.829469720212e-01
2.930647635641e-03 9.828235708240e-01
2.959933954484e-03 9.822809821209e-01
2.969781015803e-03 9.822239131671e-01
3.008925980744e-03 9.818261248171e-01
3.020085983573e-03 9.816798718293e-01
3.048070945684e-03 9.803607749441e-01
3.057226781915e-03 9.799155418473e-01
3.087223633810e-03 9.786475486877e-01
3.117463766043e-03 9.773676591735e-01
3.126372460343e-03 9.769523608904e-01
3.154508024569e-03 9.756808494302e-01
3.165521286876e-03 9.752534784836e-01
3.204658528631e-03 9.739634721748e-01
3.214841548513e-03 9.737177045814e-01
3.243784185608e-03 9.740100941230e-01
3.251777682444e-03 9.741377275853e-01
3.282894396214e-03 9.747377519068e-01
3.312196161428e-03 9.762500833171e-01
3.344733941302e-03 9.770947740134e-01
3.345803602473e-03 9.771178841968e-01
3.403329748544e-03 9.800111980566e-01
3.409570082305e-03 9.803803626324e-01
3.446270659083e-03 9.823921557804e-01
3.464690456140e-03 9.832044971708e-01
3.506947864776e-03 9.855923562734e-01
3.539956758957e-03 9.884286438319e-01
3.543513285810e-03 9.887573453164e-01
3.604302477690e-03 9.967044252217e-01
3.615199892217e-03 9.978040458328e-01
3.636376866444e-03 1.000044589924e+00
3.701676398568e-03 1.007971952441e+00
3.715504761935e-03 1.009585339882e+00
3.715647640864e-03 1.009599518224e+00
3.776695559453e-03 1.017484342732e+00
3.797915011199e-03 1.020286071526e+00
3.799054181038e-03 1.020456414025e+00
3.834959269725e-03 1.026685171254e+00
3.874841798866e-03 1.034973308308e+00
3.883487904864e-03 1.036588536070e+00
3.896416517138e-03 1.038842721383e+00
3.932028124781e-03 1.045312342592e+00
3.932939460652e-03 1.045509466844e+00
3.974069284227e-03 1.054635983172e+00
3.993771130052e-03 1.060042458839e+00
4.008209625062e-03 1.064213017495e+00
4.012847397864e-03 1.065540887635e+00
4.051610065129e-03 1.077207736664e+00
4.077413227380e-03 1.087458635126e+00
4.086275582567e-03 1.089710627524e+00
4.091114158188e-03 1.090945362013e+00
4.123134484644e-03 1.099082420506e+00
4.152976872832e-03 1.111456961497e+00
4.164337678480e-03 1.114031513123e+00
4.188457186325e-03 1.119713422004e+00
4.193724398732e-03 1.121028638621e+00
4.237769724777e-03 1.140913239563e+00
4.239573088556e-03 1.141590999473e+00
4.280791728762e-03 1.157538077721e+00
4.285788629683e-03 1.159572809181e+00
4.319496472138e-03 1.172727986238e+00
4.339812311198e-03 1.181153840437e+00
4.358181907550e-03 1.188875539967e+00
4.383127796226e-03 1.199724552298e+00
4.393635189893e-03 1.204483153471e+00
4.412271236140e-03 1.215945070625e+00
4.437228709595e-03 1.223449783701e+00
4.457695150769e-03 1.229858982252e+00
4.464464522727e-03 1.240182260702e+00
4.480451516399e-03 1.246056011589e+00
4.496743575893e-03 1.251959307928e+00
4.503065003101e-03 1.261381553841e+00
4.534564014546e-03 1.272763903927e+00
4.535340194673e-03 1.273046913784e+00
4.551377389050e-03 1.284135595861e+00
4.560958000475e-03 1.292971017370e+00
4.577779098165e-03 1.299855773698e+00
4.586108553564e-03 1.303304706866e+00
4.605397208972e-03 1.314011844216e+00
4.618854859443e-03 1.323830331998e+00
4.631872288348e-03 1.329851191500e+00
4.644623267359e-03 1.335735757081e+00
4.663240005642e-03 1.347311671551e+00
4.675102818338e-03 1.352820010916e+00
4.689645576350e-03 1.359676277740e+00
4.695970865150e-03 1.368364014589e+00
4.724986872506e-03 1.380266216608e+00
4.729172838965e-03 1.382697119682e+00
4.744260081544e-03 1.391400806313e+00
4.763525567396e-03 1.402802710223e+00
4.772414953733e-03 1.410490421401e+00
4.775017667195e-03 1.412771863839e+00
4.798835970811e-03 1.424408752355e+00
4.824588932357e-03 1.436759629835e+00
4.826484974360e-03 1.440788993066e+00
4.828940947301e-03 1.445985696463e+00
4.859856858252e-03 1.459703957667e+00
4.869383407380e-03 1.470037351313e+00
4.869711642757e-03 1.470301385461e+00
4.878971741990e-03 1.477835470380e+00
4.888401751301e-03 1.492395325943e+00
4.894414251095e-03 1.485470014150e+00
4.914235806293e-03 1.500708456542e+00
4.923812556125e-03 1.507067089257e+00
4.927056293972e-03 1.509222226212e+00
4.931080073538e-03 1.516074426450e+00
4.946186624081e-03 1.526087304940e+00
4.950210403647e-03 1.532912065560e+00
4.965324677375e-03 1.542441062261e+00
4.966992885410e-03 1.545404955664e+00
4.969340733756e-03 1.549611043529e+00
4.984462730669e-03 1.558949857018e+00
4.988471063865e-03 1.566445162618e+00
5.003589199186e-03 1.575959826644e+00
5.007605255567e-03 1.582917828417e+00
5.012636910822e-03 1.605650172118e+00
5.021124691520e-03 1.594045301541e+00
5.022734975665e-03 1.591833394291e+00
5.032300140720e-03 1.600023814446e+00
5.045908393304e-03 1.613915139942e+00
5.060837310584e-03 1.630875632811e+00
5.060987912698e-03 1.624658575489e+00
5.064258681693e-03 1.629331858643e+00
5.079851792912e-03 1.651372427563e+00
5.080164581919e-03 1.638914713300e+00
5.085841123150e-03 1.646071292055e+00
5.105674263126e-03 1.659801041191e+00
5.118440688508e-03 1.667457994874e+00
5.118498612398e-03 1.667492293543e+00
5.122522391965e-03 1.673770431913e+00
5.140818618056e-03 1.685415333591e+00
5.158280740129e-03 1.696016724532e+00
5.160956823853e-03 1.697694165517e+00
5.181894379333e-03 1.708282411804e+00
5.207821112549e-03 1.719975179758e+00
5.214582761322e-03 1.728092699423e+00
5.215803024607e-03 1.728388191575e+00
5.265246857210e-03 1.740042879857e+00
5.265880158409e-03 1.740182281807e+00
5.313203976634e-03 1.744325530619e+00
5.344903790898e-03 1.746919098020e+00
5.356021316207e-03 1.746286994788e+00
5.380094484940e-03 1.745534781256e+00
5.410651267772e-03 1.745999802510e+00
5.438667122625e-03 1.746425964131e+00
5.453248496563e-03 1.746253796326e+00
5.497286099422e-03 1.746408156891e+00
5.508098558911e-03 1.745573546489e+00
5.523394327494e-03 1.744380091947e+00
5.546135246754e-03 1.744680088219e+00
5.565717383205e-03 1.745340992957e+00
5.598988865688e-03 1.743974766079e+00
5.605549711642e-03 1.743742527928e+00
5.628197952677e-03 1.742958523393e+00
5.630951268254e-03 1.742872709581e+00
5.670076925231e-03 1.742158272523e+00
5.702997002780e-03 1.741393699343e+00
5.705935674806e-03 1.741327785383e+00
5.709206443801e-03 1.741266670343e+00
5.748343685556e-03 1.740342641780e+00
5.783673396934e-03 1.739245610443e+00
5.787484788904e-03 1.739177388475e+00
5.800436570733e-03 1.738176353788e+00
5.818196035443e-03 1.736958900342e+00
5.852799767398e-03 1.735658636653e+00
5.861399534284e-03 1.733487921822e+00
5.869211536265e-03 1.731525847938e+00
5.869335107230e-03 1.726795177827e+00
5.892844483432e-03 1.725797603832e+00
5.897810491611e-03 1.725230984939e+00
5.918358026232e-03 1.723116759795e+00
5.934823857395e-03 1.717135533498e+00
5.936345324909e-03 1.716811609210e+00
5.954506395257e-03 1.713561578514e+00
5.974327950454e-03 1.704714519723e+00
5.979378913672e-03 1.711369192917e+00
5.997385520313e-03 1.704847057001e+00
6.001417023065e-03 1.703364038889e+00
6.002394006012e-03 1.702969526124e+00
6.016971518358e-03 1.697175587510e+00
6.030166580526e-03 1.691950616299e+00
6.055653092177e-03 1.689016458908e+00
6.056363625229e-03 1.688944353620e+00
6.059773411561e-03 1.683367183234e+00
6.070315559562e-03 1.679901620711e+00
6.091689475015e-03 1.676113119885e+00
6.092338222584e-03 1.676001858983e+00
6.113912940856e-03 1.672333995062e+00
6.115592733669e-03 1.672030597608e+00
6.119010243186e-03 1.666166304318e+00
6.135375672940e-03 1.664627752548e+00
6.138750704938e-03 1.660356673943e+00
6.155119996284e-03 1.658711483650e+00
6.158491166689e-03 1.654526644019e+00
6.169037176283e-03 1.650743937565e+00
6.172180512720e-03 1.650448943185e+00
6.182266992785e-03 1.649644137520e+00
6.194570027046e-03 1.648590835607e+00
6.197983674970e-03 1.642670428139e+00
6.208521961379e-03 1.639277035551e+00
6.229892015239e-03 1.635541808597e+00
6.230436499806e-03 1.635433849621e+00
6.253806858671e-03 1.630626885843e+00
6.276787196677e-03 1.625936407362e+00
6.286827337630e-03 1.623341956493e+00
6.288696348485e-03 1.622837958597e+00
6.296504488872e-03 1.620758751194e+00
6.316217919475e-03 1.615914145784e+00
6.335931350078e-03 1.610950689351e+00
6.346956197163e-03 1.608457767630e+00
6.355629334310e-03 1.606430929514e+00
6.375342764913e-03 1.601293579157e+00
6.384166504174e-03 1.599223103478e+00
6.395044610738e-03 1.596610078731e+00
6.405219907435e-03 1.592071225076e+00
6.410127991724e-03 1.590021060912e+00
6.429849145512e-03 1.584988370992e+00
6.444449827414e-03 1.579395369357e+00
6.463464309743e-03 1.575882554393e+00
6.466480213621e-03 1.575280139141e+00
6.481548148237e-03 1.571981551687e+00
6.490398918647e-03 1.570052512658e+00
6.508745345443e-03 1.563506538874e+00
6.521720296829e-03 1.559964898140e+00
6.528466499231e-03 1.558094856456e+00
6.552802256265e-03 1.554833791064e+00
6.569291256985e-03 1.547817448535e+00
6.578918207522e-03 1.546954233839e+00
6.579976283915e-03 1.546856478590e+00
6.588923594141e-03 1.546097099374e+00
6.602736511137e-03 1.541907951909e+00
6.618511117212e-03 1.537731976439e+00
6.638228409408e-03 1.536204018237e+00
6.676303713177e-03 1.533394306881e+00
6.677396543904e-03 1.533315072701e+00
6.696476673309e-03 1.532420302699e+00
6.706825741676e-03 1.531895263860e+00
6.732964862489e-03 1.531279477642e+00
6.754728798802e-03 1.532036947576e+00
6.763637493102e-03 1.532211566122e+00
6.773685357241e-03 1.533418743014e+00
6.812988647481e-03 1.538042960726e+00
6.831165164199e-03 1.540107855995e+00
6.871078586082e-03 1.544438742751e+00
6.871252357752e-03 1.544457649626e+00
6.892560626129e-03 1.544209379159e+00
6.929597161469e-03 1.544505498229e+00
6.951137125407e-03 1.552786811361e+00
6.968325074401e-03 1.559570149841e+00
6.968471814923e-03 1.559591677889e+00
7.012490109818e-03 1.566094749545e+00
7.026584923080e-03 1.568413517211e+00
7.065853458986e-03 1.574578544118e+00
7.087625118484e-03 1.577995805274e+00
7.092089119615e-03 1.578518035331e+00
7.159794423976e-03 1.587816450912e+00
7.163231241456e-03 1.588335253291e+00
7.169664654852e-03 1.589311561577e+00
7.223626550884e-03 1.596838383739e+00
7.260056816174e-03 1.600182955565e+00
7.260605162334e-03 1.600213030931e+00
7.298603234250e-03 1.602576097788e+00
7.310728635247e-03 1.603440503268e+00
7.357925020914e-03 1.609675565454e+00
7.376348679563e-03 1.612222138662e+00
7.391501569218e-03 1.614344520533e+00
7.447274552214e-03 1.619414960792e+00
7.454090263284e-03 1.620365706275e+00
7.455202401975e-03 1.620493860330e+00
7.528047486185e-03 1.628866263919e+00
7.531855016562e-03 1.629288024561e+00
7.552475921443e-03 1.630863207373e+00
7.629101504881e-03 1.636214294477e+00
7.633897602983e-03 1.636036386877e+00
7.649795780023e-03 1.635476874416e+00
7.726479287351e-03 1.631698424422e+00
7.731387371640e-03 1.631168124808e+00
7.747219901605e-03 1.629597608809e+00
7.823926578490e-03 1.621540723263e+00
7.828857832335e-03 1.620945407589e+00
7.844682639115e-03 1.619074359334e+00
7.921389315999e-03 1.609907672588e+00
7.926316708251e-03 1.609329772150e+00
7.942149238217e-03 1.607532849911e+00
8.018852053508e-03 1.598799072881e+00
8.023771722575e-03 1.598237360053e+00
8.039615837318e-03 1.596447568679e+00
8.116314791017e-03 1.587754976594e+00
8.121219013714e-03 1.587184607660e+00
8.137086298013e-03 1.585400343521e+00
8.213777528526e-03 1.576781617680e+00
8.218662443260e-03 1.576076341871e+00
8.234549035522e-03 1.573822542250e+00
8.311282743555e-03 1.563231303482e+00
8.316094288027e-03 1.562157105093e+00
8.331984741883e-03 1.558583073822e+00
8.389360285839e-03 1.545892917392e+00
8.413533855981e-03 1.541126078986e+00
8.429385693909e-03 1.538099394558e+00
8.464630450248e-03 1.531348469899e+00
8.510954115970e-03 1.520436947351e+00
8.526786645935e-03 1.516646070054e+00
8.528779227755e-03 1.516174691650e+00
8.604045530572e-03 1.501808275287e+00
8.608382099145e-03 1.501251779693e+00
8.624164428406e-03 1.499224910745e+00
8.682041979410e-03 1.491768333157e+00
8.705810082320e-03 1.489577129884e+00
8.721546072469e-03 1.488168583225e+00
8.779496993733e-03 1.482725450237e+00
8.803234203903e-03 1.480623312172e+00
8.818950886088e-03 1.479229806099e+00
8.876948146465e-03 1.474294835012e+00
8.900654463893e-03 1.472206484418e+00
8.916332530151e-03 1.470823746543e+00
8.974399299196e-03 1.465636025779e+00
8.998078585475e-03 1.463581967584e+00
9.013721897399e-03 1.462267847954e+00
9.071850451927e-03 1.457152853708e+00
9.095491122280e-03 1.454932477862e+00
9.111134434204e-03 1.453461540376e+00
9.169305466251e-03 1.447671973381e+00
9.192907520677e-03 1.445451985755e+00
9.208581725342e-03 1.444201742002e+00
9.266756618982e-03 1.439411697705e+00
9.290293026332e-03 1.437469647518e+00
9.306044462851e-03 1.436442889497e+00
9.364203910120e-03 1.432645388966e+00
9.387643777654e-03 1.431111600052e+00
9.403507200360e-03 1.430211510514e+00
9.461655062852e-03 1.426907319516e+00
9.484971359420e-03 1.425580685838e+00
9.500966076277e-03 1.424716632623e+00
9.559102353990e-03 1.421571859831e+00
9.582298941185e-03 1.420382513529e+00
9.598428813786e-03 1.419436485515e+00
9.656549645128e-03 1.416079213283e+00
9.679638107729e-03 1.414811599205e+00
9.695883828110e-03 1.413870993304e+00
9.753993074674e-03 1.410529944041e+00
9.776981135865e-03 1.409749628431e+00
9.793338842434e-03 1.409145612450e+00
9.851413334664e-03 1.406913140933e+00
9.874335748779e-03 1.406098232208e+00
9.890797718350e-03 1.405537267311e+00
9.948829733061e-03 1.403644047687e+00
9.971682638508e-03 1.403508625439e+00
9.988252732674e-03 1.403410425840e+00
1.004621910031e-02 1.403066817530e+00
1.006902952824e-02 1.402660632897e+00
1.008570388541e-02 1.402338886912e+00
1.014361619074e-02 1.401220872843e+00
1.016638414115e-02 1.401187542351e+00
1.018315889973e-02 1.401137898121e+00
1.024100169640e-02 1.400966885758e+00
1.026373875407e-02 1.400358193700e+00
1.028061005246e-02 1.399856219703e+00
1.033840651002e-02 1.398135015654e+00
1.036109722857e-02 1.397662187068e+00
1.037806120519e-02 1.397232448072e+00
1.043580360045e-02 1.395854826744e+00
1.045846728786e-02 1.394907098146e+00
1.047550463474e-02 1.394296273553e+00
1.053321999885e-02 1.392196160629e+00
1.055582576236e-02 1.391034643188e+00
1.057295192588e-02 1.389948648139e+00
1.063065184362e-02 1.386254959289e+00
1.065320740643e-02 1.384469546013e+00
1.067040307861e-02 1.383003266219e+00
1.072809913476e-02 1.378188013883e+00
1.075060449686e-02 1.376305172571e+00
1.076783878497e-02 1.374887629781e+00
1.082554642589e-02 1.370218350316e+00
1.084799386411e-02 1.368465882667e+00
1.086526676814e-02 1.367221134454e+00
1.092298985544e-02 1.363141138662e+00
1.094537164658e-02 1.361555854705e+00
1.096268702813e-02 1.360328152911e+00
1.102043328499e-02 1.356284967105e+00
1.104275329064e-02 1.354650487747e+00
1.106009956494e-02 1.353271868501e+00
1.111787671453e-02 1.348669785139e+00
1.114014265789e-02 1.346960817862e+00
1.115751210174e-02 1.345572700169e+00
1.121532400567e-02 1.340972056670e+00
1.123754360992e-02 1.339268472003e+00
1.125492463855e-02 1.338015361075e+00
1.131276357362e-02 1.333776804433e+00
1.133492911557e-02 1.332079790751e+00
1.135233717535e-02 1.330636516953e+00
1.141020700317e-02 1.325766666328e+00
1.143233006760e-02 1.323900237452e+00
1.144976129693e-02 1.322372790263e+00
1.150765043271e-02 1.317287411303e+00
1.152973874281e-02 1.315411718197e+00
1.154718155692e-02 1.314131587005e+00
1.154780000000e-02 1.314332087092e+00
1.157585774412e-02 1.312222488633e+00
1.158816850157e-02 1.312443578045e+00
1.159630000000e-02 1.312493420259e+00
1.164480000000e-02 1.308165710612e+00
1.169340000000e-02 1.302481552807e+00
1.174190000000e-02 1.294524590347e+00
1.179040000000e-02 1.284714922716e+00
1.183890000000e-02 1.273457628473e+00
1.188740000000e-02 1.261158628923e+00
1.193600000000e-02 1.248216789595e+00
1.198450000000e-02 1.235093372761e+00
1.203300000000e-02 1.222179847556e+00
1.208150000000e-02 1.209915491421e+00
1.213000000000e-02 1.198727355810e+00
1.217860000000e-02 1.188138700006e+00
1.222710000000e-02 1.177466546220e+00
1.227560000000e-02 1.166745362832e+00
1.232410000000e-02 1.156019345796e+00
1.237260000000e-02 1.145343743131e+00
1.242120000000e-02 1.134755074400e+00
1.246970000000e-02 1.124342055483e+00
1.251820000000e-02 1.114147161569e+00
1.256670000000e-02 1.104214199543e+00
1.261520000000e-02 1.094600794165e+00
1.266380000000e-02 1.084981438280e+00
1.271230000000e-02 1.075089306670e+00
1.276080000000e-02 1.064956729508e+00
1.280930000000e-02 1.054647930566e+00
1.285780000000e-02 1.044214334368e+00
1.290640000000e-02 1.033706933726e+00
1.295490000000e-02 1.023218635673e+00
1.300340000000e-02 1.012796326386e+00
1.305190000000e-02 1.002504688119e+00
1.310040000000e-02 9.923979344257e-01
1.314900000000e-02 9.825274548465e-01
1.319750000000e-02 9.729969205488e-01
1.324600000000e-02 9.638509478388e-01
1.329450000000e-02 9.551576469824e-01
1.334300000000e-02 9.469819256566e-01
1.339160000000e-02 9.393765997590e-01
1.344010000000e-02 9.324374523053e-01
1.348860000000e-02 9.262153890532e-01
1.353710000000e-02 9.207733124061e-01
1.358560000000e-02 9.161733876351e-01
1.363420000000e-02 9.120067601308e-01
1.368270000000e-02 9.078515732601e-01
1.373120000000e-02 9.037072211894e-01
1.377970000000e-02 8.995840525706e-01
1.382820000000e-02 8.954870562197e-01
1.387680000000e-02 8.914181775806e-01
1.392530000000e-02 8.874006979028e-01
1.397380000000e-02 8.834339458527e-01
1.402230000000e-02 8.795258471848e-01
1.407080000000e-02 8.756834054859e-01
1.411940000000e-02 8.719063220399e-01
1.416790000000e-02 8.682196057455e-01
1.421640000000e-02 8.646200574166e-01
1.426490000000e-02 8.611173844632e-01
1.431340000000e-02 8.577176158539e-01
1.436200000000e-02 8.544206232288e-01
1.441050000000e-02 8.512477443919e-01
1.445900000000e-02 8.481995270476e-01
1.450750000000e-02 8.452814334067e-01
1.455600000000e-02 8.425012275177e-01
1.460460000000e-02 8.398108528128e-01
1.465310000000e-02 8.371749683153e-01
1.470160000000e-02 8.345900221656e-01
1.475010000000e-02 8.320566675996e-01
1.479860000000e-02 8.295748577808e-01
1.484720000000e-02 8.271409735757e-01
1.489570000000e-02 8.247663265090e-01
1.494420000000e-02 8.224468736186e-01
1.499270000000e-02 8.201832916389e-01
1.504120000000e-02 8.179766593580e-01
1.508980000000e-02 8.158235592486e-01
1.513830000000e-02 8.137334090912e-01
1.518680000000e-02 8.117023864322e-01
1.523530000000e-02 8.097323211879e-01
1.528380000000e-02 8.078229029837e-01
1.533240000000e-02 8.059725914623e-01
1.538090000000e-02 8.041888227275e-01
1.542940000000e-02 8.024696217456e-01
1.547790000000e-02 8.008148230074e-01
1.552640000000e-02 7.992270259326e-01
1.557500000000e-02 7.978343756260e-01
1.562350000000e-02 7.967482248213e-01
1.567200000000e-02 7.959225250524e-01
1.572050000000e-02 7.953157109130e-01
1.576900000000e-02 7.948876118937e-01
1.581760000000e-02 7.945963346039e-01
1.586610000000e-02 7.944052156861e-01
1.591460000000e-02 7.942742516851e-01
1.596310000000e-02 7.941664302811e-01
1.601160000000e-02 7.940446879861e-01
1.606020000000e-02 7.938727444469e-01
1.610870000000e-02 7.936169467582e-01
1.615720000000e-02 7.932418582260e-01
1.620570000000e-02 7.927142117191e-01
1.625420000000e-02 7.920021180969e-01
1.630280000000e-02 7.910699955572e-01
1.635130000000e-02 7.898912771060e-01
1.639980000000e-02 7.884311909055e-01
1.644830000000e-02 7.866600671616e-01
1.649680000000e-02 7.845461380935e-01
1.654540000000e-02 7.821874576017e-01
1.659390000000e-02 7.797400705833e-01
1.664240000000e-02 7.772380784343e-01
1.669090000000e-02 7.747172201536e-01
1.673940000000e-02 7.722146344047e-01
1.678800000000e-02 7.697601590016e-01
1.683650000000e-02 7.674002859957e-01
1.688500000000e-02 7.651644283494e-01
1.693350000000e-02 7.630875065884e-01
1.698200000000e-02 7.612040193235e-01
1.703060000000e-02 7.600807365124e-01
1.707910000000e-02 7.600663826517e-01
1.712760000000e-02 7.608517920183e-01
1.717610000000e-02 7.621368532423e-01
1.722460000000e-02 7.636298102790e-01
1.727320000000e-02 7.650490341166e-01
1.732170000000e-02 7.661154909805e-01
1.737020000000e-02 7.665653506796e-01
1.741870000000e-02 7.661390685140e-01
1.746720000000e-02 7.645806478448e-01
1.751580000000e-02 7.623979356391e-01
1.756430000000e-02 7.602852494724e-01
1.761280000000e-02 7.582334333823e-01
1.766130000000e-02 7.562391303141e-01
1.770980000000e-02 7.542981041523e-01
1.775840000000e-02 7.524033209038e-01
1.780690000000e-02 7.505591829134e-01
1.785540000000e-02 7.487570134554e-01
1.790390000000e-02 7.469940216203e-01
1.795250000000e-02 7.452627515160e-01
1.800100000000e-02 7.435670979104e-01
1.804950000000e-02 7.418999466050e-01
1.809800000000e-02 7.402568555204e-01
1.814650000000e-02 7.386359870793e-01
1.819510000000e-02 7.370293996926e-01
1.824360000000e-02 7.354408168625e-01
1.829210000000e-02 7.338637790393e-01
1.834060000000e-02 7.322949917262e-01
1.838910000000e-02 7.307309562862e-01
1.843770000000e-02 7.291654145800e-01
1.848620000000e-02 7.276390236872e-01
1.853470000000e-02 7.261810455776e-01
1.858320000000e-02 7.247835587360e-01
1.863170000000e-02 7.234411601019e-01
1.868030000000e-02 7.221418007104e-01
1.872880000000e-02 7.208867072136e-01
1.877730000000e-02 7.196639415052e-01
1.882580000000e-02 7.184687647952e-01
1.887430000000e-02 7.172929131263e-01
1.892290000000e-02 7.161291421052e-01
1.897140000000e-02 7.149740676418e-01
1.901990000000e-02 7.138193392758e-01
1.906840000000e-02 7.126595205096e-01
1.911690000000e-02 7.114868183645e-01
1.916550000000e-02 7.102939228048e-01
1.921400000000e-02 7.090795690986e-01
1.926250000000e-02 7.078341194903e-01
1.931100000000e-02 7.065534327929e-01
1.935950000000e-02 7.052293970320e-01
1.940810000000e-02 7.038547493064e-01
1.945660000000e-02 7.023428202125e-01
1.950510000000e-02 7.006160116062e-01
1.955360000000e-02 6.986939138022e-01
1.960210000000e-02 6.965950155845e-01
1.965070000000e-02 6.943323285801e-01
1.969920000000e-02 6.919338478853e-01
1.974770000000e-02 6.894129133717e-01
1.979620000000e-02 6.867862224220e-01
1.984470000000e-02 6.840712648119e-01
1.989330000000e-02 6.812796392847e-01
1.994180000000e-02 6.784391970330e-01
1.999030000000e-02 6.755612517828e-01
2.003880000000e-02 6.726627872091e-01
2.008730000000e-02 6.697592637707e-01
2.013590000000e-02 6.668616994328e-01
2.018440000000e-02 6.639990265002e-01
2.023290000000e-02 6.611800574043e-01
2.028140000000e-02 6.584219798345e-01
2.032990000000e-02 6.557402451046e-01
2.037850000000e-02 6.531453714165e-01
2.042700000000e-02 6.506210323170e-01
2.047550000000e-02 6.481231057808e-01
2.052400000000e-02 6.456523806207e-01
2.057250000000e-02 6.432076032194e-01
2.062110000000e-02 6.407833784507e-01
2.066960000000e-02 6.383899870061e-01
2.071810000000e-02 6.360217281711e-01
2.076660000000e-02 6.336783451263e-01
2.081510000000e-02 6.313599276956e-01
2.086370000000e-02 6.290610128414e-01
2.091220000000e-02 6.267902791289e-01
2.096070000000e-02 6.245434778360e-01
2.100920000000e-02 6.223204810566e-01
2.105770000000e-02 6.201203251597e-01
2.110630000000e-02 6.179381850079e-01
2.115480000000e-02 6.157832129754e-01
2.120330000000e-02 6.136503659058e-01
2.125180000000e-02 6.115393213986e-01
2.130030000000e-02 6.094490999457e-01
2.134890000000e-02 6.073768865166e-01
2.139740000000e-02 6.053291478726e-01
2.144590000000e-02 6.033040230254e-01
2.149440000000e-02 6.013035775402e-01
2.154290000000e-02 5.993303628069e-01
2.159150000000e-02 5.973813356229e-01
2.164000000000e-02 5.954683141667e-01
2.168850000000e-02 5.935877315569e-01
2.173700000000e-02 5.917435338357e-01
2.178550000000e-02 5.899357105054e-01
2.183410000000e-02 5.881649230737e-01
2.188260000000e-02 5.864258901086e-01
2.193110000000e-02 5.847058165712e-01
2.197960000000e-02 5.830070148007e-01
2.202810000000e-02 5.813332350423e-01
2.207670000000e-02 5.796832660278e-01
2.212520000000e-02 5.780667838232e-01
2.217370000000e-02 5.764832757208e-01
2.222220000000e-02 5.749363966098e-01
2.227070000000e-02 5.734274328413e-01
2.231930000000e-02 5.719574337636e-01
2.236780000000e-02 5.704867353286e-01
2.241630000000e-02 5.689684388608e-01
2.246480000000e-02 5.674083956206e-01
2.251330000000e-02 5.658117142924e-01
2.256190000000e-02 5.641794038972e-01
2.261040000000e-02 5.625240977758e-01
2.265890000000e-02 5.608468438174e-01
2.270740000000e-02 5.591535071210e-01
2.275590000000e-02 5.574483786818e-01
2.280450000000e-02 5.557335713489e-01
2.285300000000e-02 5.540209858423e-01
2.290150000000e-02 5.523112424813e-01
2.295000000000e-02 5.506110643881e-01
2.299850000000e-02 5.489235384787e-01
2.304710000000e-02 5.472521113795e-01
2.309560000000e-02 5.456074949204e-01
2.314410000000e-02 5.439905840071e-01
2.319260000000e-02 5.424074039415e-01
2.324110000000e-02 5.408631924518e-01
2.328970000000e-02 5.393587376797e-01
2.333820000000e-02 5.379045772347e-01
2.338670000000e-02 5.364963322096e-01
2.343520000000e-02 5.351304101135e-01
2.348370000000e-02 5.338045281992e-01
2.353230000000e-02 5.325116459189e-01
2.358080000000e-02 5.312552202397e-01
2.362930000000e-02 5.300285632384e-01
2.367780000000e-02 5.288292456276e-01
2.372630000000e-02 5.276543057760e-01
2.377490000000e-02 5.264991163592e-01
2.382340000000e-02 5.253642319463e-01
2.387190000000e-02 5.242463316292e-01
2.392040000000e-02 5.231410628505e-01
2.396890000000e-02 5.220472494412e-01
2.401750000000e-02 5.209591919422e-01
2.406600000000e-02 5.198793477826e-01
2.411450000000e-02 5.188029013981e-01
2.416300000000e-02 5.177274642688e-01
2.421150000000e-02 5.166515635889e-01
2.426010000000e-02 5.155688518575e-01
2.500000000000e-02 4.996342697249e-01
2.600000000000e-02 4.795026574836e-01
2.700000000000e-02 4.608575197125e-01
2.800000000000e-02 4.440497638552e-01
2.900000000000e-02 4.296399870194e-01
3.000000000000e-02 4.208073544065e-01
3.100000000000e-02 4.162606662631e-01
3.200000000000e-02 4.089715181803e-01
3.400000000000e-02 3.992462500041e-01
3.600000000000e-02 3.844916972055e-01
3.800000000000e-02 3.720646313234e-01
4.000000000000e-02 3.603985926535e-01
4.200000000000e-02 3.497379128991e-01
4.400000000000e-02 3.396174418264e-01
4.600000000000e-02 3.299267148144e-01
4.800000000000e-02 3.205873770250e-01
5.000000000000e-02 3.114546798122e-01
5.250000000000e-02 3.003567178753e-01
5.500000000000e-02 2.894303843516e-01
5.750000000000e-02 2.786950193330e-01
6.000000000000e-02 2.681647092011e-01
6.250000000000e-02 2.578321748157e-01
6.500000000000e-02 2.476820426141e-01
6.750000000000e-02 2.377527782538e-01
7.000000000000e-02 2.281683009835e-01
7.250000000000e-02 2.188577708547e-01
7.500000000000e-02 2.097547584945e-01
8.000000000000e-02 1.923012839882e-01
8.500000000000e-02 1.759938062578e-01
9.000000000000e-02 1.609787563118e-01
1.000000000000e-01 1.344698095979e-01
1.050000000000e-01 1.226494184117e-01
1.100000000000e-01 1.120022584221e-01
1.150000000000e-01 1.023055095956e-01
1.200000000000e-01 9.344105720827e-02
1.250000000000e-01 8.540229862279e-02
1.300000000000e-01 7.816510261396e-02
1.350000000000e-01 7.152086710378e-02
1.400000000000e-01 6.550705767053e-02
1.450000000000e-01 6.006714070569e-02
1.500000000000e-01 5.518330466556e-02
1.550000000000e-01 5.068301979168e-02
1.600000000000e-01 4.656055293867e-02
1.650000000000e-01 4.284767506879e-02
1.700000000000e-01 3.946967670900e-02
1.750000000000e-01 3.640643609145e-02
1.800000000000e-01 3.366169282013e-02
1.850000000000e-01 3.110446790337e-02
1.900000000000e-01 2.873514690133e-02
1.950000000000e-01 2.663172568370e-02
2.000000000000e-01 2.468472573534e-02
2.100000000000e-01 2.132900755619e-02
2.200000000000e-01 1.844410885898e-02
2.300000000000e-01 1.603042208986e-02
2.400000000000e-01 1.397735500219e-02
2.500000000000e-01 1.224696218412e-02
2.600000000000e-01 1.075492251894e-02
2.700000000000e-01 9.476637332838e-03
2.800000000000e-01 8.372968826472e-03
2.900000000000e-01 7.423028856129e-03
3.000000000000e-01 6.600834017207e-03
3.100000000000e-01 5.893003719062e-03
3.200000000000e-01 5.267378231651e-03
3.300000000000e-01 4.724538189943e-03
3.400000000000e-01 4.248291153925e-03
3.500000000000e-01 3.827056032425e-03
3.600000000000e-01 3.459851339526e-03
3.700000000000e-01 3.132814363750e-03
3.800000000000e-01 2.838999947702e-03
3.900000000000e-01 2.586970211939e-03
4.000000000000e-01 2.362665036041e-03
4.100000000000e-01 2.156805799814e-03
4.200000000000e-01 1.970034695286e-03
4.400000000000e-01 1.655911231425e-03
4.600000000000e-01 1.402395550053e-03
4.800000000000e-01 1.194510376277e-03
5.000000000000e-01 1.024795646839e-03
5.200000000000e-01 8.828001809201e-04
5.400000000000e-01 7.650065025797e-04
5.600000000000e-01 6.641652698610e-04
5.800000000000e-01 5.815734320637e-04
6.000000000000e-01 5.143827706330e-04
6.250000000000e-01 4.400005122319e-04
6.750000000000e-01 3.246258720572e-04
7.000000000000e-01 2.825351585506e-04
7.250000000000e-01 2.464405232946e-04
7.500000000000e-01 2.157641052953e-04
7.750000000000e-01 1.900109984104e-04
8.000000000000e-01 1.681046818747e-04
8.250000000000e-01 1.490111706660e-04
8.500000000000e-01 1.325131153344e-04
9.000000000000e-01 1.061151281156e-04
9.500000000000e-01 8.579458370030e-05
1.000000000000e+00 7.018553874983e-05
1.050000000000e+00 5.786243567362e-05
1.100000000000e+00 4.846840360086e-05
1.150000000000e+00 4.064926457314e-05
1.200000000000e+00 3.429336188900e-05
1.250000000000e+00 2.924278639629e-05
1.300000000000e+00 2.503907720634e-05
1.350000000000e+00 2.157713977922e-05
1.400000000000e+00 1.870599489330e-05
1.450000000000e+00 1.626430111163e-05
1.500000000000e+00 1.424617335733e-05
1.550000000000e+00 1.255421902871e-05
1.600000000000e+00 1.106222280390e-05
1.650000000000e+00 9.776430142768e-06
1.700000000000e+00 8.703686699453e-06
1.750000000000e+00 7.786179045699e-06
1.800000000000e+00 6.967487066449e-06
1.850000000000e+00 6.244306274349e-06
1.900000000000e+00 5.613329023436e-06
1.950000000000e+00 5.070717024100e-06
2.000000000000e+00 4.592386004138e-06
2.100000000000e+00 3.784064431579e-06
2.200000000000e+00 3.151241975669e-06
2.300000000000e+00 2.622995211782e-06
2.400000000000e+00 2.220492607740e-06
2.500000000000e+00 1.954949897100e-06
2.600000000000e+00 1.715449601242e-06
2.700000000000e+00 1.496181457651e-06
2.800000000000e+00 1.297652931194e-06
2.900000000000e+00 1.120355940453e-06
3.000000000000e+00 9.647979217893e-07
3.100000000000e+00 8.314825002043e-07
3.200000000000e+00 7.209134466812e-07
3.300000000000e+00 6.335934056559e-07
3.400000000000e+00 5.700104511006e-07
3.500000000000e+00 5.189032707780e-07
3.600000000000e+00 4.703124049549e-07
3.700000000000e+00 4.244011947172e-07
3.800000000000e+00 3.813326379447e-07
3.900000000000e+00 3.412715684618e-07
4.000000000000e+00 3.043793711921e-07
4.100000000000e+00 2.708201590968e-07
4.200000000000e+00 2.407577622113e-07
4.300000000000e+00 2.143552896557e-07
4.600000000000e+00 1.587407369833e-07
4.800000000000e+00 1.429580635608e-07
5.000000000000e+00 1.404779545577e-07
5.200000000000e+00 1.386489490140e-07
5.400000000000e+00 1.368357524819e-07
5.600000000000e+00 1.350383649616e-07
5.800000000000e+00 1.332567804614e-07
6.000000000000e+00 1.314910049729e-07
6.500000000000e+00 1.271447578907e-07
7.000000000000e+00 1.228943511470e-07
7.250000000000e+00 1.208056696337e-07
7.500000000000e+00 1.187403210052e-07
7.750000000000e+00 1.166983334853e-07
8.000000000000e+00 1.146803828013e-07
8.250000000000e+00 1.126850259681e-07
8.500000000000e+00 1.107136708891e-07
8.750000000000e+00 1.087648523459e-07
9.000000000000e+00 1.068392913986e-07
9.500000000000e+00 1.030556918391e-07
1.000000000000e+01 9.936269940198e-08
1.250000000000e+01 8.221044618476e-08
1.500000000000e+01 6.714827908700e-08
1.750000000000e+01 5.404110992973e-08
2.000000000000e+01 4.275372941912e-08
2.250000000000e+01 3.315101148194e-08
2.500000000000e+01 2.509771174573e-08
2.750000000000e+01 1.845869302299e-08
3.000000000000e+01 1.309881675466e-08
3.500000000000e+01 5.675659979354e-09
4.000000000000e+01 1.746946818433e-09
4.500000000000e+01 2.312943209623e-10
5.000000000000e+01 2.704339103541e-11
5.500000000000e+01 2.703505502410e-11
6.000000000000e+01 2.702669696700e-11
7.000000000000e+01 2.701000289859e-11
8.000000000000e+01 2.699331450669e-11
9.000000000000e+01 2.697662043828e-11
1.000000000000e+02 2.695992636987e-11
1.500000000000e+02 2.687653998083e-11
3.000000000000e+02 2.662752381161e-11
4.500000000000e+02 2.637999648484e-11
6.000000000000e+02 2.613404696973e-11
1.000000000000e+03 2.548561779940e-11
3.000000000000e+03 2.240397757069e-11
1.000000000000e+04 1.358330502393e-11
3.000000000000e+04 1.515173921035e-12
1.000000000000e+05 6.060874397576e-21
3.000000000000e+05 1.429118719824e-20
1.000000000000e+06 1.367836996452e-20
3.000000000000e+06 1.202456900766e-20
1.000000000000e+07 7.290794898085e-21
3.000000000000e+07 8.135907069613e-22
1.000000000000e+08 1.069425769169e-22
