1.000000000000e-09 2.940940000000e+00
1.000000000000e-06 2.940940000000e+00
4.852010000000e-06 2.940940000000e+00
9.704030000000e-06 2.940940000000e+00
1.455600000000e-05 2.940940000000e+00
1.940810000000e-05 2.940930000000e+00
2.426010000000e-05 2.940930000000e+00
2.911210000000e-05 2.940920000000e+00
3.396410000000e-05 2.940910000000e+00
3.832630729342e-05 2.940901009467e+00
3.881610000000e-05 2.940900000000e+00
4.366810000000e-05 2.940890000000e+00
4.852010000000e-05 2.940880000000e+00
5.337210000000e-05 2.940860000000e+00
5.822420000000e-05 2.940850000000e+00
6.307620000000e-05 2.940830000000e+00
6.792820000000e-05 2.940820000000e+00
7.278020000000e-05 2.940800000000e+00
7.763220000000e-05 2.940780000000e+00
8.248420000000e-05 2.940760000000e+00
8.733620000000e-05 2.940740000000e+00
9.218830000000e-05 2.940720000000e+00
9.704030000000e-05 2.940690000000e+00
1.007759840238e-04 2.940674600527e+00
1.018920000000e-04 2.940670000000e+00
1.050044280023e-04 2.940650755839e+00
1.067440000000e-04 2.940640000000e+00
1.070047330076e-04 2.940638925259e+00
1.071591967146e-04 2.940638288560e+00
1.073136604216e-04 2.940637651860e+00
1.074642625359e-04 2.940637031078e+00
1.076187262429e-04 2.940636394378e+00
1.077731899498e-04 2.940635757679e+00
1.080782557711e-04 2.940634500196e+00
1.082327194781e-04 2.940633863496e+00
1.083833215924e-04 2.940633242713e+00
1.085377852994e-04 2.940632606012e+00
1.086883874137e-04 2.940631985229e+00
1.088428511206e-04 2.940631348528e+00
1.089973148276e-04 2.940630711827e+00
1.091479169419e-04 2.940630091044e+00
1.093023806489e-04 2.940629454342e+00
1.094568443559e-04 2.940628817641e+00
1.096074464702e-04 2.940628196857e+00
1.097619101771e-04 2.940627560155e+00
1.099163738841e-04 2.940626923454e+00
1.100669759984e-04 2.940626302669e+00
1.102214397054e-04 2.940625665967e+00
1.103759034124e-04 2.940625029265e+00
1.105265055267e-04 2.940624408480e+00
1.106809692337e-04 2.940623771778e+00
1.115960000000e-04 2.940620000000e+00
1.126812742390e-04 2.940613289757e+00
1.164480000000e-04 2.940590000000e+00
1.176550056036e-04 2.940582537092e+00
1.207404181505e-04 2.940563459920e+00
1.208948818574e-04 2.940562504864e+00
1.210454839717e-04 2.940561573685e+00
1.211999476787e-04 2.940560618628e+00
1.213000000000e-04 2.940560000000e+00
1.213544113857e-04 2.940559663575e+00
1.261520000000e-04 2.940530000000e+00
1.287841156912e-04 2.940513725621e+00
1.310040000000e-04 2.940500000000e+00
1.312439502248e-04 2.940498516391e+00
1.313984139318e-04 2.940497561343e+00
1.315490160461e-04 2.940496630172e+00
1.317034797531e-04 2.940495675123e+00
1.318579434601e-04 2.940494720075e+00
1.320085455744e-04 2.940493788902e+00
1.321630092813e-04 2.940492833853e+00
1.323136113956e-04 2.940491902680e+00
1.324680751026e-04 2.940490947631e+00
1.326225388096e-04 2.940489992581e+00
1.327731409239e-04 2.940489061406e+00
1.329276046309e-04 2.940488106356e+00
1.330820683378e-04 2.940487151305e+00
1.332326704521e-04 2.940486220130e+00
1.333871341591e-04 2.940485265078e+00
1.335415978661e-04 2.940484310027e+00
1.336921999804e-04 2.940483378851e+00
1.338466636874e-04 2.940482423798e+00
1.340011273944e-04 2.940481468746e+00
1.341517295087e-04 2.940480537569e+00
1.343061932156e-04 2.940479582515e+00
1.344606569226e-04 2.940478627462e+00
1.358560000000e-04 2.940470000000e+00
1.407080000000e-04 2.940430000000e+00
1.445123826541e-04 2.940406477462e+00
1.446668463610e-04 2.940405522407e+00
1.448213100680e-04 2.940404567352e+00
1.449719121823e-04 2.940403636173e+00
1.455600000000e-04 2.940400000000e+00
1.504120000000e-04 2.940370000000e+00
1.548691742068e-04 2.940333254973e+00
1.550236379138e-04 2.940331981563e+00
1.551742400281e-04 2.940330739988e+00
1.552640000000e-04 2.940330000000e+00
1.553287037351e-04 2.940329466584e+00
1.554793058494e-04 2.940328225025e+00
1.556337695563e-04 2.940326951630e+00
1.557882332633e-04 2.940325678235e+00
1.559388353776e-04 2.940324436674e+00
1.560932990846e-04 2.940323163278e+00
1.562477627916e-04 2.940321889881e+00
1.563983649059e-04 2.940320648318e+00
1.565528286129e-04 2.940319374920e+00
1.567072923198e-04 2.940318101522e+00
1.568578944341e-04 2.940316859958e+00
1.570123581411e-04 2.940315586558e+00
1.601160000000e-04 2.940290000000e+00
1.648050521580e-04 3.146323251034e+00
1.649595158650e-04 3.135555772108e+00
1.649680000000e-04 3.134948088307e+00
1.651101179793e-04 3.124751190095e+00
1.652645816863e-04 3.113909118777e+00
1.698200000000e-04 3.108115649621e+00
1.708677526569e-04 3.106781615346e+00
1.726131925457e-04 3.104557989092e+00
1.746720000000e-04 3.101933095108e+00
1.751811516742e-04 3.101283605219e+00
1.753896776786e-04 3.086361936002e+00
1.756059268683e-04 3.070815852506e+00
1.769150067850e-04 3.062877651814e+00
1.770694704919e-04 3.061939633536e+00
1.772239341989e-04 3.061001327810e+00
1.773745363132e-04 3.060086202717e+00
1.775290000202e-04 3.059147328504e+00
1.776834637272e-04 3.058208166056e+00
1.778340658415e-04 3.057292204899e+00
1.779885295484e-04 3.056352472404e+00
1.781429932554e-04 3.055412450883e+00
1.782935953697e-04 3.054495651365e+00
1.795250000000e-04 3.046989051951e+00
1.798614019955e-04 3.044935138882e+00
1.843770000000e-04 3.049986550053e+00
1.883646290646e-04 3.054440398445e+00
1.892290000000e-04 3.055404972361e+00
1.913689481652e-04 3.057791686822e+00
1.933692531706e-04 3.019290221682e+00
1.940810000000e-04 3.005471693879e+00
1.966631917218e-04 2.954796101256e+00
1.982773374597e-04 2.969498494330e+00
1.984279395740e-04 2.970866537708e+00
1.985824032810e-04 2.972269005029e+00
1.987368669880e-04 2.973670810906e+00
1.988874691023e-04 2.975036935684e+00
1.989330000000e-04 2.975449826908e+00
1.990419328093e-04 2.976437437956e+00
2.037850000000e-04 3.019125968845e+00
2.053440520539e-04 3.033026541262e+00
2.054946541682e-04 3.021855390319e+00
2.056491178752e-04 3.010642788509e+00
2.057997199895e-04 2.999386603958e+00
2.059541836964e-04 2.988089690756e+00
2.061086474034e-04 2.976749905518e+00
2.062592495177e-04 2.965365070274e+00
2.086370000000e-04 2.962667446243e+00
2.091245512821e-04 2.962114002236e+00
2.092983229525e-04 2.961916720267e+00
2.094527866595e-04 2.961741347485e+00
2.134890000000e-04 2.957155083033e+00
2.183410000000e-04 2.951632425149e+00
2.193307407206e-04 2.950504610138e+00
2.194813428349e-04 2.950332960406e+00
2.196358065418e-04 2.950156899025e+00
2.197864086562e-04 2.949985229061e+00
2.199408723631e-04 2.949809146925e+00
2.231930000000e-04 2.946099414696e+00
2.233081811752e-04 2.945967940803e+00
2.274516701148e-04 2.941234434723e+00
2.280450000000e-04 2.941217478584e+00
2.328970000000e-04 2.941078814811e+00
2.343330282606e-04 2.941037773760e+00
2.377490000000e-04 2.940940144499e+00
2.397083652634e-04 2.940884143926e+00
2.398628289704e-04 2.940879729157e+00
2.400134310847e-04 2.940875424751e+00
2.426010000000e-04 2.940801467649e+00
2.474530000000e-04 2.940662784259e+00
2.523050000000e-04 2.940524094328e+00
2.542047841631e-04 2.940469788974e+00
2.571570000000e-04 2.940385397856e+00
2.579119131305e-04 2.940363817757e+00
2.620090000000e-04 2.940246694841e+00
2.668610000000e-04 2.940107985283e+00
2.699716670527e-04 2.940019053717e+00
2.717130000000e-04 2.939969269180e+00
2.765650000000e-04 2.939830546532e+00
2.814170000000e-04 2.939691817338e+00
2.862690000000e-04 2.939553081596e+00
2.911210000000e-04 2.939414339306e+00
2.935930294420e-04 2.939343649437e+00
3.013702770882e-04 2.939121241072e+00
3.316065477288e-04 2.938256405099e+00
3.332168318740e-04 2.938210339646e+00
3.581704437359e-04 2.937738600144e+00
3.909669503196e-04 2.937118478170e+00
3.969369725943e-04 2.937005581878e+00
3.999721844363e-04 2.936948182745e+00
4.257135612039e-04 2.936461340419e+00
4.306216454930e-04 2.936368505484e+00
4.393758760859e-04 2.936554849272e+00
4.544669802575e-04 2.936876052887e+00
4.575253616556e-04 2.936941144118e+00
4.629470377704e-04 2.937056529574e+00
4.730798569481e-04 2.937272166593e+00
4.732343206550e-04 2.937275453620e+00
4.733887843620e-04 2.937278740644e+00
4.735393864763e-04 2.937281945488e+00
4.770457126247e-04 2.937356559851e+00
4.811660320083e-04 2.937444237522e+00
4.883447327900e-04 2.937596989275e+00
4.913104359639e-04 2.937660092576e+00
4.914610380782e-04 2.937663297005e+00
4.916155017852e-04 2.937666583594e+00
4.917699654922e-04 2.937669870180e+00
4.919167060138e-04 2.937672992433e+00
4.920595849427e-04 2.937676032519e+00
4.952724300478e-04 2.937744392528e+00
5.194305538189e-04 2.938258356269e+00
5.195850175259e-04 2.938261642193e+00
5.197394812328e-04 2.938264928114e+00
5.198900833471e-04 2.938268131882e+00
5.200329622761e-04 2.938271171352e+00
5.235470116098e-04 2.938345924886e+00
5.279723968147e-04 2.938440062346e+00
5.321351937177e-04 2.938741901008e+00
5.355565648272e-04 2.938989956700e+00
5.357110285342e-04 2.939001155108e+00
5.358616306485e-04 2.939012073516e+00
5.360160943554e-04 2.939023271840e+00
5.361705580624e-04 2.939034470122e+00
5.363211601767e-04 2.939045388405e+00
5.364756238837e-04 2.939056586603e+00
5.366300875907e-04 2.939067784757e+00
5.367806897050e-04 2.939078702917e+00
5.369351534119e-04 2.939089900988e+00
5.370896171189e-04 2.939101099015e+00
5.372402192332e-04 2.939112017052e+00
5.373946829402e-04 2.939123214995e+00
5.375491466472e-04 2.939134412896e+00
5.376997487615e-04 2.939145330808e+00
5.378542124685e-04 2.939156528625e+00
5.380086761754e-04 2.939167726399e+00
5.381592782897e-04 2.939178644187e+00
5.383137419967e-04 2.939189841877e+00
5.384682057037e-04 2.939201039524e+00
5.523390465901e-04 2.940206414365e+00
5.525359878165e-04 2.940220686422e+00
5.526865899308e-04 2.940231600300e+00
5.528410536378e-04 2.940242793980e+00
5.529955173448e-04 2.940253987617e+00
5.531461194591e-04 2.940264901372e+00
5.533005831661e-04 2.940276094925e+00
5.534511852804e-04 2.940287008598e+00
5.536056489873e-04 2.940298202066e+00
5.537601126943e-04 2.940309395492e+00
5.539107148086e-04 2.940320309042e+00
5.540651785156e-04 2.940331502384e+00
5.542196422226e-04 2.940342695683e+00
5.543702443369e-04 2.940353609109e+00
5.545247080438e-04 2.940364802324e+00
5.546791717508e-04 2.940375995496e+00
5.857225152603e-04 2.942624679209e+00
5.937353200597e-04 2.943204823025e+00
5.938859221740e-04 2.943215725838e+00
5.940403858810e-04 2.943226908168e+00
5.941948495880e-04 2.943238090456e+00
5.943454517023e-04 2.943248993146e+00
5.944999154092e-04 2.943260175350e+00
5.946505175235e-04 2.943271077958e+00
5.948049812305e-04 2.943282260078e+00
5.949594449375e-04 2.943293442156e+00
5.951100470518e-04 2.943304344640e+00
5.952645107588e-04 2.943315526634e+00
5.954189744657e-04 2.943326708585e+00
5.955695765800e-04 2.943337610947e+00
5.967975630505e-04 2.943426505618e+00
5.972261998374e-04 2.943457534258e+00
5.973768019517e-04 2.943468436135e+00
5.975312656586e-04 2.943479617506e+00
5.976857293656e-04 2.943490798834e+00
5.978363314799e-04 2.943501700587e+00
5.979907951869e-04 2.943512881831e+00
5.981413973012e-04 2.943523783503e+00
6.009101592487e-04 2.943724199356e+00
6.026633223229e-04 2.943851094388e+00
6.055247624946e-04 2.944058195458e+00
6.056753646089e-04 2.944069095110e+00
6.058298283159e-04 2.944080274199e+00
6.059842920229e-04 2.944091453246e+00
6.061348941372e-04 2.944102352776e+00
6.062893578442e-04 2.944113531738e+00
6.064438215511e-04 2.944124710659e+00
6.080347977330e-04 2.944239851068e+00
6.081892614400e-04 2.944251029509e+00
6.083398635543e-04 2.944261928448e+00
6.285012389073e-04 2.945720624907e+00
6.422214776795e-04 2.947407402478e+00
6.830732665819e-04 2.952424048970e+00
7.073549613186e-04 2.955401833931e+00
7.157848181268e-04 2.956388342534e+00
7.198510752129e-04 2.956864080822e+00
7.394949971476e-04 2.959161275830e+00
7.585210642544e-04 2.961384519019e+00
7.804317410889e-04 2.963942769948e+00
7.888809058605e-04 2.964928689401e+00
7.919277024806e-04 2.965284134784e+00
8.141279987657e-04 2.966955126268e+00
8.500021947109e-04 2.969653349599e+00
8.778018003739e-04 2.971742570042e+00
8.923561431637e-04 2.972835785260e+00
8.975461237181e-04 2.973225521214e+00
9.509519504051e-04 2.969067949231e+00
9.751795828443e-04 2.967179939711e+00
9.794311963788e-04 2.966848496300e+00
1.004898400066e-03 2.955941474387e+00
1.009547757646e-03 2.954120447334e+00
1.034265812355e-03 2.944420146650e+00
1.038922893121e-03 2.942119167587e+00
1.061710151492e-03 2.930834352194e+00
1.067058457346e-03 2.919195094542e+00
1.068286443817e-03 2.918013969570e+00
1.072561226907e-03 2.913898583364e+00
1.077581297384e-03 2.909058266862e+00
1.095723059768e-03 2.901180417368e+00
1.109574592691e-03 2.895151118681e+00
1.128616106169e-03 2.878671568623e+00
1.136594156634e-03 2.864065292552e+00
1.136825852195e-03 2.863911275505e+00
1.158860099995e-03 2.849226210746e+00
1.169939009378e-03 2.833932030528e+00
1.176013294654e-03 2.825511481732e+00
1.178689378378e-03 2.821793755752e+00
1.183736480003e-03 2.833196075107e+00
1.204820776005e-03 2.808779094197e+00
1.215189152336e-03 2.798945091262e+00
1.224534206608e-03 2.790051970842e+00
1.244243775618e-03 2.771606032610e+00
1.254372733203e-03 2.762076677787e+00
1.263949483036e-03 2.753036505388e+00
1.267320653441e-03 2.749743630823e+00
1.283666775231e-03 2.733720907481e+00
1.300511042477e-03 2.718337579882e+00
1.303364759463e-03 2.715722739898e+00
1.323074328474e-03 2.696558918325e+00
1.339211924260e-03 2.681788214869e+00
1.342768451113e-03 2.678521980496e+00
1.364698435911e-03 2.666098436959e+00
1.372186064107e-03 2.661843346255e+00
1.378341442830e-03 2.648035758752e+00
1.378858896248e-03 2.646871738487e+00
1.411470046383e-03 2.633957099119e+00
1.420687668097e-03 2.630204917674e+00
1.447351965514e-03 2.619320522578e+00
1.462076218381e-03 2.613589471947e+00
1.479283475338e-03 2.606876008034e+00
1.483222299866e-03 2.605336830431e+00
1.522344095251e-03 2.591019104522e+00
1.540636459749e-03 2.586999731816e+00
1.559457862444e-03 2.582857585001e+00
1.584175917153e-03 2.577407612311e+00
1.613531744664e-03 2.565108184853e+00
1.620220023176e-03 2.563632828073e+00
1.656835644915e-03 2.555540750572e+00
1.679082280312e-03 2.550611691340e+00
1.703375559827e-03 2.543895366934e+00
1.710515644682e-03 2.541917984638e+00
1.740489327020e-03 2.533600205242e+00
1.754213427385e-03 2.530002510984e+00
1.771903383426e-03 2.525357629412e+00
1.799092857447e-03 2.518201739337e+00
1.833256367837e-03 2.508398637636e+00
1.851595071448e-03 2.503120574143e+00
1.857711834244e-03 2.501357631367e+00
1.916338534227e-03 2.483491493845e+00
1.927934897028e-03 2.477766692471e+00
1.948972853918e-03 2.467346931810e+00
1.952243622914e-03 2.465723017697e+00
1.991353833520e-03 2.451507699356e+00
2.025413080908e-03 2.438060793801e+00
2.030479490497e-03 2.436054186589e+00
2.046339051611e-03 2.429385721477e+00
2.069609009067e-03 2.419568143285e+00
2.083943241074e-03 2.413416880069e+00
2.108746250822e-03 2.402735940548e+00
2.143716834081e-03 2.387175836992e+00
2.147887354169e-03 2.385313396600e+00
2.181336469915e-03 2.369917087594e+00
2.187032319110e-03 2.367285365139e+00
2.226181145643e-03 2.348637903126e+00
2.241098478144e-03 2.341858967664e+00
2.265322248991e-03 2.330808872473e+00
2.278671774866e-03 2.324532367601e+00
2.304467213931e-03 2.312355941459e+00
2.338491706985e-03 2.295773729586e+00
2.343619902057e-03 2.293264049341e+00
2.375999356632e-03 2.278166495647e+00
2.382761005404e-03 2.275001098901e+00
2.421894385567e-03 2.257091048230e+00
2.435869489455e-03 2.250661205702e+00
2.461031627322e-03 2.239037739744e+00
2.473326938397e-03 2.233335444888e+00
2.500165007484e-03 2.220837679796e+00
2.533258856704e-03 2.204899053523e+00
2.539306110832e-03 2.201974114289e+00
2.570654520163e-03 2.187161153459e+00
2.578443352587e-03 2.183465135971e+00
2.617569009564e-03 2.165839329221e+00
2.630628915989e-03 2.159576647089e+00
2.656702389726e-03 2.147018863448e+00
2.667985963521e-03 2.141561385815e+00
2.695839631481e-03 2.128029605057e+00
2.728006698459e-03 2.112294829192e+00
2.734973011644e-03 2.108871736261e+00
2.765309683694e-03 2.093901200580e+00
2.774110253399e-03 2.089538226499e+00
2.813243633561e-03 2.070024154448e+00
2.825357449781e-03 2.063946739397e+00
2.852380875316e-03 2.050324364582e+00
2.862625680681e-03 2.045135776516e+00
2.891514255479e-03 2.030433451261e+00
2.922735232251e-03 2.014868950014e+00
2.930647635641e-03 2.010905268778e+00
2.959933954484e-03 1.995744136798e+00
2.969781015803e-03 1.990620506274e+00
3.008925980744e-03 1.969268899871e+00
3.020085983573e-03 1.962975030837e+00
3.048070945684e-03 1.947102976219e+00
3.057226781915e-03 1.941814943724e+00
3.087223633810e-03 1.924388214472e+00
3.117463766043e-03 1.906659204565e+00
3.126372460343e-03 1.901404743867e+00
3.154508024569e-03 1.884927372460e+00
3.165521286876e-03 1.878438181043e+00
3.204658528631e-03 1.856402434818e+00
3.214841548513e-03 1.851100273263e+00
3.243784185608e-03 1.835946622318e+00
3.251777682444e-03 1.831988704266e+00
3.282894396214e-03 1.816499380677e+00
3.312196161428e-03 1.806916528876e+00
3.344733941302e-03 1.796215465917e+00
3.345803602473e-03 1.795837312278e+00
3.403329748544e-03 1.775381649111e+00
3.409570082305e-03 1.773457042881e+00
3.446270659083e-03 1.762095536477e+00
3.464690456140e-03 1.756365565593e+00
3.506947864776e-03 1.746124190038e+00
3.539956758957e-03 1.738082276534e+00
3.543513285810e-03 1.737347856665e+00
3.604302477690e-03 1.724746585797e+00
3.615199892217e-03 1.722477866331e+00
3.636376866444e-03 1.718683787973e+00
3.701676398568e-03 1.706931594510e+00
3.715504761935e-03 1.704432456861e+00
3.715647640864e-03 1.704391936141e+00
3.776695559453e-03 1.686989590082e+00
3.797915011199e-03 1.680898569218e+00
3.799054181038e-03 1.680693286772e+00
3.834959269725e-03 1.674210163241e+00
3.874841798866e-03 1.666979304011e+00
3.883487904864e-03 1.664331525384e+00
3.896416517138e-03 1.660364397015e+00
3.932028124781e-03 1.649387681987e+00
3.932939460652e-03 1.649105818315e+00
3.974069284227e-03 1.638063094424e+00
3.993771130052e-03 1.632746996464e+00
4.008209625062e-03 1.628840078092e+00
4.012847397864e-03 1.627528899606e+00
4.051610065129e-03 1.616528433525e+00
4.077413227380e-03 1.609164058035e+00
4.086275582567e-03 1.606626901306e+00
4.091114158188e-03 1.605288775249e+00
4.123134484644e-03 1.596405163471e+00
4.152976872832e-03 1.588081053069e+00
4.164337678480e-03 1.584900627800e+00
4.188457186325e-03 1.579798095902e+00
4.193724398732e-03 1.578681612170e+00
4.237769724777e-03 1.569314292767e+00
4.239573088556e-03 1.568929571396e+00
4.280791728762e-03 1.564288934980e+00
4.285788629683e-03 1.563725418570e+00
4.319496472138e-03 1.559918759652e+00
4.339812311198e-03 1.557619979327e+00
4.358181907550e-03 1.556718415576e+00
4.383127796226e-03 1.555493256501e+00
4.393635189893e-03 1.554976921470e+00
4.412271236140e-03 1.554060721174e+00
4.437228709595e-03 1.552832895066e+00
4.457695150769e-03 1.554114688333e+00
4.464464522727e-03 1.554538414903e+00
4.480451516399e-03 1.555538657238e+00
4.496743575893e-03 1.556557325055e+00
4.503065003101e-03 1.556952395458e+00
4.534564014546e-03 1.558919497601e+00
4.535340194673e-03 1.558999111256e+00
4.551377389050e-03 1.560643155183e+00
4.560958000475e-03 1.561624480309e+00
4.577779098165e-03 1.563345945484e+00
4.586108553564e-03 1.564197677654e+00
4.605397208972e-03 1.566168269420e+00
4.618854859443e-03 1.567541679617e+00
4.631872288348e-03 1.568869019389e+00
4.644623267359e-03 1.570280873370e+00
4.663240005642e-03 1.572339937707e+00
4.675102818338e-03 1.573650593247e+00
4.689645576350e-03 1.575255853028e+00
4.695970865150e-03 1.575953541268e+00
4.724986872506e-03 1.579150097351e+00
4.729172838965e-03 1.579610711536e+00
4.744260081544e-03 1.581070517388e+00
4.763525567396e-03 1.582932643033e+00
4.772414953733e-03 1.583791117781e+00
4.775017667195e-03 1.584042381588e+00
4.798835970811e-03 1.586339932345e+00
4.824588932357e-03 1.588820365045e+00
4.826484974360e-03 1.589002831967e+00
4.828940947301e-03 1.589185446720e+00
4.859856858252e-03 1.591482418342e+00
4.869383407380e-03 1.592189548242e+00
4.869711642757e-03 1.592213906667e+00
4.878971741990e-03 1.592900947337e+00
4.888401751301e-03 1.593600289856e+00
4.894414251095e-03 1.594046024971e+00
4.914235806293e-03 1.595514608885e+00
4.923812556125e-03 1.596223668538e+00
4.927056293972e-03 1.596534476087e+00
4.931080073538e-03 1.596919941389e+00
4.946186624081e-03 1.598366271323e+00
4.950210403647e-03 1.598751294972e+00
4.965324677375e-03 1.600196707898e+00
4.966992885410e-03 1.600356162492e+00
4.969340733756e-03 1.600580553157e+00
4.984462730669e-03 1.602025053061e+00
4.988471063865e-03 1.602407723119e+00
5.003589199186e-03 1.603850209107e+00
5.007605255567e-03 1.604233180192e+00
5.012636910822e-03 1.604712869782e+00
5.021124691520e-03 1.605521722058e+00
5.022734975665e-03 1.605668116144e+00
5.032300140720e-03 1.606537429073e+00
5.045908393304e-03 1.607773380747e+00
5.060837310584e-03 1.609128188074e+00
5.060987912698e-03 1.609141849486e+00
5.064258681693e-03 1.609438518721e+00
5.079851792912e-03 1.610852112761e+00
5.080164581919e-03 1.610880455968e+00
5.085841123150e-03 1.611394746069e+00
5.105674263126e-03 1.613190325556e+00
5.118440688508e-03 1.614345068441e+00
5.118498612398e-03 1.614346562821e+00
5.122522391965e-03 1.614450369027e+00
5.140818618056e-03 1.614922294285e+00
5.158280740129e-03 1.615372576424e+00
5.160956823853e-03 1.615441571419e+00
5.181894379333e-03 1.615981283391e+00
5.207821112549e-03 1.616649352795e+00
5.214582761322e-03 1.616823538798e+00
5.215803024607e-03 1.616854971851e+00
5.265246857210e-03 1.615155541300e+00
5.265880158409e-03 1.615133762550e+00
5.313203976634e-03 1.613505500455e+00
5.344903790898e-03 1.610502718944e+00
5.356021316207e-03 1.609448278586e+00
5.380094484940e-03 1.607162690955e+00
5.410651267772e-03 1.604256837293e+00
5.438667122625e-03 1.601587087464e+00
5.453248496563e-03 1.600195803974e+00
5.497286099422e-03 1.595986588294e+00
5.508098558911e-03 1.594951409918e+00
5.523394327494e-03 1.593353423802e+00
5.546135246754e-03 1.590974657683e+00
5.565717383205e-03 1.588923455820e+00
5.598988865688e-03 1.585432228724e+00
5.605549711642e-03 1.584742881353e+00
5.628197952677e-03 1.582558370687e+00
5.630951268254e-03 1.582292597116e+00
5.670076925231e-03 1.578511017979e+00
5.702997002780e-03 1.575322189268e+00
5.705935674806e-03 1.575063237221e+00
5.709206443801e-03 1.574774971139e+00
5.748343685556e-03 1.571321545628e+00
5.783673396934e-03 1.568197561067e+00
5.787484788904e-03 1.567860171627e+00
5.800436570733e-03 1.566713119879e+00
5.818196035443e-03 1.566870268191e+00
5.852799767398e-03 1.567176421236e+00
5.861399534284e-03 1.567252497532e+00
5.869211536265e-03 1.567321601807e+00
5.869335107230e-03 1.567322694880e+00
5.892844483432e-03 1.567530638206e+00
5.897810491611e-03 1.567574559630e+00
5.918358026232e-03 1.570306336648e+00
5.934823857395e-03 1.572492029443e+00
5.936345324909e-03 1.572693837429e+00
5.954506395257e-03 1.575100731850e+00
5.974327950454e-03 1.577723500282e+00
5.979378913672e-03 1.578391141925e+00
5.997385520313e-03 1.580768979689e+00
6.001417023065e-03 1.581300864371e+00
6.002394006012e-03 1.581429732868e+00
6.016971518358e-03 1.584459873238e+00
6.030166580526e-03 1.587197663974e+00
6.055653092177e-03 1.592472432808e+00
6.056363625229e-03 1.592619236658e+00
6.059773411561e-03 1.593323547364e+00
6.070315559562e-03 1.595499121248e+00
6.091689475015e-03 1.599900958102e+00
6.092338222584e-03 1.600034374631e+00
6.113912940856e-03 1.604844712162e+00
6.115592733669e-03 1.605218636887e+00
6.119010243186e-03 1.605979111549e+00
6.135375672940e-03 1.609615817156e+00
6.138750704938e-03 1.610364791093e+00
6.155119996284e-03 1.613992469579e+00
6.158491166689e-03 1.614738559040e+00
6.169037176283e-03 1.617070322856e+00
6.172180512720e-03 1.617764676630e+00
6.182266992785e-03 1.619990740714e+00
6.194570027046e-03 1.621979295362e+00
6.197983674970e-03 1.622530615575e+00
6.208521961379e-03 1.624231417867e+00
6.229892015239e-03 1.627674932082e+00
6.230436499806e-03 1.627762573724e+00
6.253806858671e-03 1.631519889318e+00
6.276787196677e-03 1.635206081728e+00
6.286827337630e-03 1.636813978435e+00
6.288696348485e-03 1.636909170505e+00
6.296504488872e-03 1.637306793221e+00
6.316217919475e-03 1.638310253030e+00
6.335931350078e-03 1.639313098598e+00
6.346956197163e-03 1.639873678234e+00
6.355629334310e-03 1.640314545999e+00
6.375342764913e-03 1.641316166943e+00
6.384166504174e-03 1.641764294897e+00
6.395044610738e-03 1.641764294897e+00
6.405219907435e-03 1.641764294897e+00
6.410127991724e-03 1.641764294897e+00
6.429849145512e-03 1.641764294897e+00
6.444449827414e-03 1.641764294897e+00
6.463464309743e-03 1.641764294897e+00
6.466480213621e-03 1.641764294897e+00
6.481548148237e-03 1.641764294897e+00
6.490398918647e-03 1.641876684467e+00
6.508745345443e-03 1.642109628051e+00
6.521720296829e-03 1.642274350357e+00
6.528466499231e-03 1.642359989623e+00
6.552802256265e-03 1.642668881345e+00
6.569291256985e-03 1.642878141840e+00
6.578918207522e-03 1.643000304321e+00
6.579976283915e-03 1.642986880293e+00
6.588923594141e-03 1.642873359578e+00
6.602736511137e-03 1.642698090139e+00
6.618511117212e-03 1.642497906330e+00
6.638228409408e-03 1.642247654508e+00
6.676303713177e-03 1.641764294897e+00
6.677396543904e-03 1.641764294897e+00
6.696476673309e-03 1.641764294897e+00
6.706825741676e-03 1.641764294897e+00
6.732964862489e-03 1.641764294897e+00
6.754728798802e-03 1.641764294897e+00
6.763637493102e-03 1.641764294897e+00
6.773685357241e-03 1.641764294897e+00
6.812988647481e-03 1.640933266302e+00
6.831165164199e-03 1.640548799755e+00
6.871078586082e-03 1.639704241624e+00
6.871252357752e-03 1.639701298203e+00
6.892560626129e-03 1.639340329351e+00
6.929597161469e-03 1.638712729437e+00
6.951137125407e-03 1.638347614976e+00
6.968325074401e-03 1.638056211228e+00
6.968471814923e-03 1.638053723173e+00
7.012490109818e-03 1.637867447372e+00
7.026584923080e-03 1.637807796726e+00
7.065853458986e-03 1.637641596931e+00
7.087625118484e-03 1.637641596931e+00
7.092089119615e-03 1.637641596931e+00
7.159794423976e-03 1.637641596931e+00
7.163231241456e-03 1.637641596931e+00
7.169664654852e-03 1.637696060549e+00
7.223626550884e-03 1.638152816747e+00
7.260056816174e-03 1.638461105845e+00
7.260605162334e-03 1.638465745751e+00
7.298603234250e-03 1.641526224635e+00
7.310728635247e-03 1.642501640654e+00
7.357925020914e-03 1.646292805062e+00
7.376348679563e-03 1.648936076924e+00
7.391501569218e-03 1.651106914861e+00
7.447274552214e-03 1.659072613361e+00
7.454090263284e-03 1.660043436847e+00
7.455202401975e-03 1.660201794963e+00
7.528047486185e-03 1.670544209393e+00
7.531855016562e-03 1.671083035434e+00
7.552475921443e-03 1.673998207884e+00
7.629101504881e-03 1.680031280767e+00
7.633897602983e-03 1.680408178597e+00
7.649795780023e-03 1.681656921016e+00
7.726479287351e-03 1.677218571100e+00
7.731387371640e-03 1.676934097045e+00
7.747219901605e-03 1.676016109708e+00
7.823926578490e-03 1.667419397632e+00
7.828857832335e-03 1.666865222730e+00
7.844682639115e-03 1.665085583386e+00
7.921389315999e-03 1.655786197985e+00
7.926316708251e-03 1.655187049245e+00
7.942149238217e-03 1.653260415059e+00
8.018852053508e-03 1.643897003393e+00
8.023771722575e-03 1.643294619482e+00
8.039615837318e-03 1.641353100341e+00
8.116314791017e-03 1.631922220909e+00
8.121219013714e-03 1.631317344685e+00
8.137086298013e-03 1.629358769578e+00
8.213777528526e-03 1.620186125769e+00
8.218662443260e-03 1.619600106365e+00
8.234549035522e-03 1.617692801492e+00
8.311282743555e-03 1.611754820984e+00
8.316094288027e-03 1.611381754165e+00
8.331984741883e-03 1.610149061423e+00
8.389360285839e-03 1.608415850885e+00
8.413533855981e-03 1.607685051949e+00
8.429385693909e-03 1.607205649567e+00
8.464630450248e-03 1.606139240206e+00
8.510954115970e-03 1.604736535699e+00
8.526786645935e-03 1.604256837293e+00
8.528779227755e-03 1.604256837293e+00
8.604045530572e-03 1.604256837293e+00
8.608382099145e-03 1.604256837293e+00
8.624164428406e-03 1.604256837293e+00
8.682041979410e-03 1.604256837293e+00
8.705810082320e-03 1.604256837293e+00
8.721546072469e-03 1.604256837293e+00
8.779496993733e-03 1.601996728485e+00
8.803234203903e-03 1.601070046862e+00
8.818950886088e-03 1.600456184967e+00
8.876948146465e-03 1.600204982185e+00
8.900654463893e-03 1.600102291966e+00
8.916332530151e-03 1.600034374631e+00
8.974399299196e-03 1.599277741175e+00
8.998078585475e-03 1.598969087736e+00
9.013721897399e-03 1.598765148482e+00
9.071850451927e-03 1.595985815433e+00
9.095491122280e-03 1.594854085374e+00
9.111134434204e-03 1.594104764437e+00
9.169305466251e-03 1.588522838115e+00
9.192907520677e-03 1.586252450693e+00
9.208581725342e-03 1.584742881353e+00
9.266756618982e-03 1.577848368277e+00
9.290293026332e-03 1.575050410153e+00
9.306044462851e-03 1.573175133289e+00
9.364203910120e-03 1.566231548248e+00
9.387643777654e-03 1.563424372350e+00
9.403507200360e-03 1.561521693733e+00
9.461655062852e-03 1.554527176110e+00
9.484971359420e-03 1.551713638512e+00
9.500966076277e-03 1.549780629638e+00
9.559102353990e-03 1.542736501118e+00
9.582298941185e-03 1.539916874750e+00
9.598428813786e-03 1.537953185243e+00
9.656549645128e-03 1.531381799796e+00
9.679638107729e-03 1.528763481842e+00
9.695883828110e-03 1.526918465407e+00
9.753993074674e-03 1.520565420494e+00
9.776981135865e-03 1.518044811698e+00
9.793338842434e-03 1.516248660346e+00
9.851413334664e-03 1.509053425911e+00
9.874335748779e-03 1.506203954925e+00
9.890797718350e-03 1.504154247409e+00
9.948829733061e-03 1.497713233587e+00
9.971682638508e-03 1.495169158821e+00
9.988252732674e-03 1.493321800551e+00
1.004621910031e-02 1.486840958882e+00
1.006902952824e-02 1.484282915051e+00
1.008570388541e-02 1.482410199641e+00
1.014361619074e-02 1.475887805613e+00
1.016638414115e-02 1.473315649631e+00
1.018315889973e-02 1.471417683732e+00
1.024100169640e-02 1.464856015282e+00
1.026373875407e-02 1.462268668887e+00
1.028061005246e-02 1.460345849448e+00
1.033840651002e-02 1.453737476227e+00
1.036109722857e-02 1.451134821773e+00
1.037806120519e-02 1.449185978403e+00
1.043580360045e-02 1.443365853319e+00
1.045846728786e-02 1.441075051080e+00
1.047550463474e-02 1.439350547990e+00
1.053321999885e-02 1.433212490732e+00
1.055582576236e-02 1.430801180122e+00
1.057295192588e-02 1.428971658221e+00
1.063065184362e-02 1.422511883760e+00
1.065320740643e-02 1.419978694344e+00
1.067040307861e-02 1.418044428077e+00
1.072809913476e-02 1.412666257380e+00
1.075060449686e-02 1.410562847928e+00
1.076783878497e-02 1.408949963625e+00
1.082554642589e-02 1.404393960241e+00
1.084799386411e-02 1.402617742900e+00
1.086526676814e-02 1.401249442462e+00
1.092298985544e-02 1.397525541495e+00
1.094537164658e-02 1.396078948113e+00
1.096268702813e-02 1.394958780753e+00
1.102043328499e-02 1.391793490413e+00
1.104275329064e-02 1.390568116003e+00
1.106009956494e-02 1.389615054610e+00
1.111787671453e-02 1.386435862568e+00
1.114014265789e-02 1.385208729561e+00
1.115751210174e-02 1.384250699837e+00
1.121532400567e-02 1.381347271123e+00
1.123754360992e-02 1.380229733623e+00
1.125492463855e-02 1.379354921693e+00
1.131276357362e-02 1.375857331735e+00
1.133492911557e-02 1.374514595855e+00
1.135233717535e-02 1.373459136633e+00
1.141020700317e-02 1.369357389259e+00
1.143233006760e-02 1.367786081706e+00
1.144976129693e-02 1.366546742706e+00
1.150765043271e-02 1.362422643605e+00
1.152973874281e-02 1.360845748751e+00
1.154718155692e-02 1.359599205648e+00
1.154780000000e-02 1.361930000000e+00
1.157585774412e-02 1.359461396645e+00
1.158816850157e-02 1.358376843741e+00
1.159630000000e-02 1.357660000000e+00
1.164480000000e-02 1.352980000000e+00
1.169340000000e-02 1.347180000000e+00
1.174190000000e-02 1.339890000000e+00
1.179040000000e-02 1.331510000000e+00
1.183890000000e-02 1.322410000000e+00
1.188740000000e-02 1.312960000000e+00
1.193600000000e-02 1.303550000000e+00
1.198450000000e-02 1.294580000000e+00
1.203300000000e-02 1.286410000000e+00
1.208150000000e-02 1.279430000000e+00
1.213000000000e-02 1.274010000000e+00
1.217860000000e-02 1.269500000000e+00
1.222710000000e-02 1.265000000000e+00
1.227560000000e-02 1.260530000000e+00
1.232410000000e-02 1.256070000000e+00
1.237260000000e-02 1.251640000000e+00
1.242120000000e-02 1.247230000000e+00
1.246970000000e-02 1.242860000000e+00
1.251820000000e-02 1.238520000000e+00
1.256670000000e-02 1.234210000000e+00
1.261520000000e-02 1.229940000000e+00
1.266380000000e-02 1.225690000000e+00
1.271230000000e-02 1.221460000000e+00
1.276080000000e-02 1.217250000000e+00
1.280930000000e-02 1.213050000000e+00
1.285780000000e-02 1.208860000000e+00
1.290640000000e-02 1.204690000000e+00
1.295490000000e-02 1.200540000000e+00
1.300340000000e-02 1.196400000000e+00
1.305190000000e-02 1.192290000000e+00
1.310040000000e-02 1.188200000000e+00
1.314900000000e-02 1.184120000000e+00
1.319750000000e-02 1.180070000000e+00
1.324600000000e-02 1.176040000000e+00
1.329450000000e-02 1.172040000000e+00
1.334300000000e-02 1.168060000000e+00
1.339160000000e-02 1.164100000000e+00
1.344010000000e-02 1.160170000000e+00
1.348860000000e-02 1.156270000000e+00
1.353710000000e-02 1.152400000000e+00
1.358560000000e-02 1.148550000000e+00
1.363420000000e-02 1.144730000000e+00
1.368270000000e-02 1.140930000000e+00
1.373120000000e-02 1.137150000000e+00
1.377970000000e-02 1.133400000000e+00
1.382820000000e-02 1.129660000000e+00
1.387680000000e-02 1.125940000000e+00
1.392530000000e-02 1.122250000000e+00
1.397380000000e-02 1.118580000000e+00
1.402230000000e-02 1.114930000000e+00
1.407080000000e-02 1.111300000000e+00
1.411940000000e-02 1.107680000000e+00
1.416790000000e-02 1.104100000000e+00
1.421640000000e-02 1.100530000000e+00
1.426490000000e-02 1.096990000000e+00
1.431340000000e-02 1.093470000000e+00
1.436200000000e-02 1.089960000000e+00
1.441050000000e-02 1.086480000000e+00
1.445900000000e-02 1.083030000000e+00
1.450750000000e-02 1.079590000000e+00
1.455600000000e-02 1.076180000000e+00
1.460460000000e-02 1.071870000000e+00
1.465310000000e-02 1.065870000000e+00
1.470160000000e-02 1.058350000000e+00
1.475010000000e-02 1.049460000000e+00
1.479860000000e-02 1.039350000000e+00
1.484720000000e-02 1.028150000000e+00
1.489570000000e-02 1.016050000000e+00
1.494420000000e-02 1.003180000000e+00
1.499270000000e-02 9.896870000000e-01
1.504120000000e-02 9.757200000000e-01
1.508980000000e-02 9.614050000000e-01
1.513830000000e-02 9.469600000000e-01
1.518680000000e-02 9.325210000000e-01
1.523530000000e-02 9.182560000000e-01
1.528380000000e-02 9.043450000000e-01
1.533240000000e-02 8.909420000000e-01
1.538090000000e-02 8.782930000000e-01
1.542940000000e-02 8.665640000000e-01
1.547790000000e-02 8.559550000000e-01
1.552640000000e-02 8.466670000000e-01
1.557500000000e-02 8.381960000000e-01
1.562350000000e-02 8.299510000000e-01
1.567200000000e-02 8.219060000000e-01
1.572050000000e-02 8.140540000000e-01
1.576900000000e-02 8.063900000000e-01
1.581760000000e-02 7.988890000000e-01
1.586610000000e-02 7.915750000000e-01
1.591460000000e-02 7.844260000000e-01
1.596310000000e-02 7.774340000000e-01
1.601160000000e-02 7.705900000000e-01
1.606020000000e-02 7.638740000000e-01
1.610870000000e-02 7.573060000000e-01
1.615720000000e-02 7.508630000000e-01
1.620570000000e-02 7.445370000000e-01
1.625420000000e-02 7.383200000000e-01
1.630280000000e-02 7.321910000000e-01
1.635130000000e-02 7.261680000000e-01
1.639980000000e-02 7.202280000000e-01
1.644830000000e-02 7.143640000000e-01
1.649680000000e-02 7.085670000000e-01
1.654540000000e-02 7.026140000000e-01
1.659390000000e-02 6.964270000000e-01
1.664240000000e-02 6.901520000000e-01
1.669090000000e-02 6.839490000000e-01
1.673940000000e-02 6.779780000000e-01
1.678800000000e-02 6.723940000000e-01
1.683650000000e-02 6.673850000000e-01
1.688500000000e-02 6.631040000000e-01
1.693350000000e-02 6.597170000000e-01
1.698200000000e-02 6.573840000000e-01
1.703060000000e-02 6.556330000000e-01
1.707910000000e-02 6.538980000000e-01
1.712760000000e-02 6.521740000000e-01
1.717610000000e-02 6.504620000000e-01
1.722460000000e-02 6.487630000000e-01
1.727320000000e-02 6.470740000000e-01
1.732170000000e-02 6.454040000000e-01
1.737020000000e-02 6.437480000000e-01
1.741870000000e-02 6.421080000000e-01
1.746720000000e-02 6.404850000000e-01
1.751580000000e-02 6.388700000000e-01
1.756430000000e-02 6.372660000000e-01
1.761280000000e-02 6.356690000000e-01
1.766130000000e-02 6.340800000000e-01
1.770980000000e-02 6.324990000000e-01
1.775840000000e-02 6.309220000000e-01
1.780690000000e-02 6.293580000000e-01
1.785540000000e-02 6.278010000000e-01
1.790390000000e-02 6.262540000000e-01
1.795250000000e-02 6.247120000000e-01
1.800100000000e-02 6.231820000000e-01
1.804950000000e-02 6.216620000000e-01
1.809800000000e-02 6.201510000000e-01
1.814650000000e-02 6.186500000000e-01
1.819510000000e-02 6.171560000000e-01
1.824360000000e-02 6.156750000000e-01
1.829210000000e-02 6.142040000000e-01
1.834060000000e-02 6.127440000000e-01
1.838910000000e-02 6.112940000000e-01
1.843770000000e-02 6.098530000000e-01
1.848620000000e-02 6.084230000000e-01
1.853470000000e-02 6.070020000000e-01
1.858320000000e-02 6.055880000000e-01
1.863170000000e-02 6.041820000000e-01
1.868030000000e-02 6.027820000000e-01
1.872880000000e-02 6.013930000000e-01
1.877730000000e-02 6.000120000000e-01
1.882580000000e-02 5.986410000000e-01
1.887430000000e-02 5.972770000000e-01
1.892290000000e-02 5.959200000000e-01
1.897140000000e-02 5.945750000000e-01
1.901990000000e-02 5.932390000000e-01
1.906840000000e-02 5.919130000000e-01
1.911690000000e-02 5.905960000000e-01
1.916550000000e-02 5.892860000000e-01
1.921400000000e-02 5.879890000000e-01
1.926250000000e-02 5.867020000000e-01
1.931100000000e-02 5.854250000000e-01
1.935950000000e-02 5.841580000000e-01
1.940810000000e-02 5.828990000000e-01
1.945660000000e-02 5.816520000000e-01
1.950510000000e-02 5.804140000000e-01
1.955360000000e-02 5.791850000000e-01
1.960210000000e-02 5.779640000000e-01
1.965070000000e-02 5.767490000000e-01
1.969920000000e-02 5.755450000000e-01
1.974770000000e-02 5.743500000000e-01
1.979620000000e-02 5.731620000000e-01
1.984470000000e-02 5.719830000000e-01
1.989330000000e-02 5.708100000000e-01
1.994180000000e-02 5.696470000000e-01
1.999030000000e-02 5.684930000000e-01
2.003880000000e-02 5.673460000000e-01
2.008730000000e-02 5.662070000000e-01
2.013590000000e-02 5.650740000000e-01
2.018440000000e-02 5.639510000000e-01
2.023290000000e-02 5.628360000000e-01
2.028140000000e-02 5.617290000000e-01
2.032990000000e-02 5.606290000000e-01
2.037850000000e-02 5.595350000000e-01
2.042700000000e-02 5.584510000000e-01
2.047550000000e-02 5.573760000000e-01
2.052400000000e-02 5.563090000000e-01
2.057250000000e-02 5.552500000000e-01
2.062110000000e-02 5.541970000000e-01
2.066960000000e-02 5.531530000000e-01
2.071810000000e-02 5.521160000000e-01
2.076660000000e-02 5.510870000000e-01
2.081510000000e-02 5.500640000000e-01
2.086370000000e-02 5.490440000000e-01
2.091220000000e-02 5.480330000000e-01
2.096070000000e-02 5.470280000000e-01
2.100920000000e-02 5.460280000000e-01
2.105770000000e-02 5.450330000000e-01
2.110630000000e-02 5.440400000000e-01
2.115480000000e-02 5.430540000000e-01
2.120330000000e-02 5.420730000000e-01
2.125180000000e-02 5.410940000000e-01
2.130030000000e-02 5.401200000000e-01
2.134890000000e-02 5.391470000000e-01
2.139740000000e-02 5.381800000000e-01
2.144590000000e-02 5.372190000000e-01
2.149440000000e-02 5.362640000000e-01
2.154290000000e-02 5.353170000000e-01
2.159150000000e-02 5.343750000000e-01
2.164000000000e-02 5.334430000000e-01
2.168850000000e-02 5.325190000000e-01
2.173700000000e-02 5.316040000000e-01
2.178550000000e-02 5.306990000000e-01
2.183410000000e-02 5.298020000000e-01
2.188260000000e-02 5.289170000000e-01
2.193110000000e-02 5.280410000000e-01
2.197960000000e-02 5.271740000000e-01
2.202810000000e-02 5.263150000000e-01
2.207670000000e-02 5.254620000000e-01
2.212520000000e-02 5.246170000000e-01
2.217370000000e-02 5.237790000000e-01
2.222220000000e-02 5.229470000000e-01
2.227070000000e-02 5.221200000000e-01
2.231930000000e-02 5.212950000000e-01
2.236780000000e-02 5.204760000000e-01
2.241630000000e-02 5.196590000000e-01
2.246480000000e-02 5.188450000000e-01
2.251330000000e-02 5.180330000000e-01
2.256190000000e-02 5.172230000000e-01
2.261040000000e-02 5.164170000000e-01
2.265890000000e-02 5.156150000000e-01
2.270740000000e-02 5.148170000000e-01
2.275590000000e-02 5.140220000000e-01
2.280450000000e-02 5.132290000000e-01
2.285300000000e-02 5.124430000000e-01
2.290150000000e-02 5.116600000000e-01
2.295000000000e-02 5.108820000000e-01
2.299850000000e-02 5.101080000000e-01
2.304710000000e-02 5.093380000000e-01
2.309560000000e-02 5.085740000000e-01
2.314410000000e-02 5.078150000000e-01
2.319260000000e-02 5.070620000000e-01
2.324110000000e-02 5.063150000000e-01
2.328970000000e-02 5.055710000000e-01
2.333820000000e-02 5.048330000000e-01
2.338670000000e-02 5.040980000000e-01
2.343520000000e-02 5.033650000000e-01
2.348370000000e-02 5.026360000000e-01
2.353230000000e-02 5.019080000000e-01
2.358080000000e-02 5.011860000000e-01
2.362930000000e-02 5.004680000000e-01
2.367780000000e-02 4.997530000000e-01
2.372630000000e-02 4.990440000000e-01
2.377490000000e-02 4.983380000000e-01
2.382340000000e-02 4.976380000000e-01
2.387190000000e-02 4.969440000000e-01
2.392040000000e-02 4.962550000000e-01
2.396890000000e-02 4.955730000000e-01
2.401750000000e-02 4.948950000000e-01
2.406600000000e-02 4.942250000000e-01
2.411450000000e-02 4.935620000000e-01
2.416300000000e-02 4.929060000000e-01
2.421150000000e-02 4.922580000000e-01
2.426010000000e-02 4.916160000000e-01
2.500000000000e-02 4.822010000000e-01
2.600000000000e-02 4.704660000000e-01
2.700000000000e-02 4.599340000000e-01
2.800000000000e-02 4.504790000000e-01
2.900000000000e-02 4.418030000000e-01
3.000000000000e-02 4.337180000000e-01
3.100000000000e-02 4.261780000000e-01
3.200000000000e-02 4.190610000000e-01
3.400000000000e-02 4.058910000000e-01
3.600000000000e-02 3.933940000000e-01
3.800000000000e-02 3.813150000000e-01
4.000000000000e-02 3.695270000000e-01
4.200000000000e-02 3.580260000000e-01
4.400000000000e-02 3.465660000000e-01
4.600000000000e-02 3.350430000000e-01
4.800000000000e-02 3.235940000000e-01
5.000000000000e-02 3.123110000000e-01
5.250000000000e-02 2.984020000000e-01
5.500000000000e-02 2.847450000000e-01
5.750000000000e-02 2.713510000000e-01
6.000000000000e-02 2.583360000000e-01
6.250000000000e-02 2.456800000000e-01
6.500000000000e-02 2.333810000000e-01
6.750000000000e-02 2.215050000000e-01
7.000000000000e-02 2.102930000000e-01
7.250000000000e-02 1.995890000000e-01
7.500000000000e-02 1.892150000000e-01
8.000000000000e-02 1.699120000000e-01
8.500000000000e-02 1.524690000000e-01
9.000000000000e-02 1.368390000000e-01
1.000000000000e-01 1.104010000000e-01
1.050000000000e-01 9.917950000000e-02
1.100000000000e-01 8.928040000000e-02
1.150000000000e-01 8.043900000000e-02
1.200000000000e-01 7.251800000000e-02
1.250000000000e-01 6.547980000000e-02
1.300000000000e-01 5.926830000000e-02
1.350000000000e-01 5.365110000000e-02
1.400000000000e-01 4.865350000000e-02
1.450000000000e-01 4.420310000000e-02
1.500000000000e-01 4.026990000000e-02
1.550000000000e-01 3.668610000000e-02
1.600000000000e-01 3.343510000000e-02
1.650000000000e-01 3.053450000000e-02
1.700000000000e-01 2.792440000000e-02
1.750000000000e-01 2.559000000000e-02
1.800000000000e-01 2.353050000000e-02
1.850000000000e-01 2.162800000000e-02
1.900000000000e-01 1.987400000000e-02
1.950000000000e-01 1.832730000000e-02
2.000000000000e-01 1.690210000000e-02
2.100000000000e-01 1.447490000000e-02
2.200000000000e-01 1.241250000000e-02
2.300000000000e-01 1.070840000000e-02
2.400000000000e-01 9.274040000000e-03
2.500000000000e-01 8.078130000000e-03
2.600000000000e-01 7.055870000000e-03
2.700000000000e-01 6.186810000000e-03
2.800000000000e-01 5.441200000000e-03
2.900000000000e-01 4.803110000000e-03
3.000000000000e-01 4.254500000000e-03
3.100000000000e-01 3.785560000000e-03
3.200000000000e-01 3.373030000000e-03
3.300000000000e-01 3.016500000000e-03
3.400000000000e-01 2.704970000000e-03
3.500000000000e-01 2.430580000000e-03
3.600000000000e-01 2.192310000000e-03
3.700000000000e-01 1.980760000000e-03
3.800000000000e-01 1.791210000000e-03
3.900000000000e-01 1.629230000000e-03
4.000000000000e-01 1.485500000000e-03
4.100000000000e-01 1.353830000000e-03
4.200000000000e-01 1.234620000000e-03
4.400000000000e-01 1.034820000000e-03
4.600000000000e-01 8.742290000000e-04
4.800000000000e-01 7.429860000000e-04
5.000000000000e-01 6.361970000000e-04
5.200000000000e-01 5.470850000000e-04
5.400000000000e-01 4.733500000000e-04
5.600000000000e-01 4.103490000000e-04
5.800000000000e-01 3.588630000000e-04
6.000000000000e-01 3.170750000000e-04
6.250000000000e-01 2.708670000000e-04
6.750000000000e-01 1.993560000000e-04
7.000000000000e-01 1.733430000000e-04
7.250000000000e-01 1.510600000000e-04
7.500000000000e-01 1.321440000000e-04
7.750000000000e-01 1.162850000000e-04
8.000000000000e-01 1.028110000000e-04
8.250000000000e-01 9.107760000000e-05
8.500000000000e-01 8.094730000000e-05
9.000000000000e-01 6.475070000000e-05
9.500000000000e-01 5.229450000000e-05
1.000000000000e+00 4.274510000000e-05
1.050000000000e+00 3.521750000000e-05
1.100000000000e+00 2.948320000000e-05
1.150000000000e+00 2.471230000000e-05
1.200000000000e+00 2.083650000000e-05
1.250000000000e+00 1.775880000000e-05
1.300000000000e+00 1.519830000000e-05
1.350000000000e+00 1.309100000000e-05
1.400000000000e+00 1.134490000000e-05
1.450000000000e+00 9.860810000000e-06
1.500000000000e+00 8.634680000000e-06
1.550000000000e+00 7.607010000000e-06
1.600000000000e+00 6.701030000000e-06
1.650000000000e+00 5.920440000000e-06
1.700000000000e+00 5.269360000000e-06
1.750000000000e+00 4.712580000000e-06
1.800000000000e+00 4.215790000000e-06
1.850000000000e+00 3.777040000000e-06
1.900000000000e+00 3.394390000000e-06
1.950000000000e+00 3.065540000000e-06
2.000000000000e+00 2.775830000000e-06
2.100000000000e+00 2.286500000000e-06
2.200000000000e+00 1.903450000000e-06
2.300000000000e+00 1.583590000000e-06
2.400000000000e+00 1.339930000000e-06
2.500000000000e+00 1.179390000000e-06
2.600000000000e+00 1.034640000000e-06
2.700000000000e+00 9.021330000000e-07
2.800000000000e+00 7.821810000000e-07
2.900000000000e+00 6.750800000000e-07
3.000000000000e+00 5.811330000000e-07
3.100000000000e+00 5.006390000000e-07
3.200000000000e+00 4.339000000000e-07
3.300000000000e+00 3.812170000000e-07
3.400000000000e+00 3.428810000000e-07
3.500000000000e+00 3.120850000000e-07
3.600000000000e+00 2.828070000000e-07
3.700000000000e+00 2.551460000000e-07
3.800000000000e+00 2.292010000000e-07
3.900000000000e+00 2.050690000000e-07
4.000000000000e+00 1.828490000000e-07
4.100000000000e+00 1.626380000000e-07
4.200000000000e+00 1.445340000000e-07
4.300000000000e+00 1.286350000000e-07
4.600000000000e+00 9.515290000000e-08
4.800000000000e+00 8.565580000000e-08
5.000000000000e+00 8.416800000000e-08
5.200000000000e+00 8.307200000000e-08
5.400000000000e+00 8.198550000000e-08
5.600000000000e+00 8.090850000000e-08
5.800000000000e+00 7.984090000000e-08
6.000000000000e+00 7.878280000000e-08
6.500000000000e+00 7.617820000000e-08
7.000000000000e+00 7.363160000000e-08
7.250000000000e+00 7.237980000000e-08
7.500000000000e+00 7.114220000000e-08
7.750000000000e+00 6.991870000000e-08
8.000000000000e+00 6.870940000000e-08
8.250000000000e+00 6.751400000000e-08
8.500000000000e+00 6.633250000000e-08
8.750000000000e+00 6.516480000000e-08
9.000000000000e+00 6.401090000000e-08
9.500000000000e+00 6.174390000000e-08
1.000000000000e+01 5.953090000000e-08
1.250000000000e+01 4.925330000000e-08
1.500000000000e+01 4.022820000000e-08
1.750000000000e+01 3.237460000000e-08
2.000000000000e+01 2.561160000000e-08
2.250000000000e+01 1.985820000000e-08
2.500000000000e+01 1.503320000000e-08
2.750000000000e+01 1.105570000000e-08
3.000000000000e+01 7.844720000000e-09
3.500000000000e+01 3.398050000000e-09
4.000000000000e+01 1.045040000000e-09
4.500000000000e+01 1.375640000000e-10
5.000000000000e+01 1.535120000000e-11
5.500000000000e+01 1.534650000000e-11
6.000000000000e+01 1.534170000000e-11
7.000000000000e+01 1.533220000000e-11
8.000000000000e+01 1.532280000000e-11
9.000000000000e+01 1.531330000000e-11
1.000000000000e+02 1.530380000000e-11
1.500000000000e+02 1.525650000000e-11
3.000000000000e+02 1.511510000000e-11
4.500000000000e+02 1.497460000000e-11
6.000000000000e+02 1.483500000000e-11
1.000000000000e+03 1.446690000000e-11
3.000000000000e+03 1.271760000000e-11
1.000000000000e+04 7.710560000000e-12
3.000000000000e+04 8.600900000000e-13
1.000000000000e+05 9.583083854271e-21
3.000000000000e+05 7.608280000000e-21
1.000000000000e+06 7.282050000000e-21
3.000000000000e+06 6.401610000000e-21
1.000000000000e+07 3.881450000000e-21
3.000000000000e+07 4.331370000000e-22
1.000000000000e+08 4.331370000000e-23
