1.000000000000e-09 2.940940000000e+00
1.000000000000e-06 2.940940000000e+00
4.852010000000e-06 2.940940000000e+00
9.704030000000e-06 2.940940000000e+00
1.455600000000e-05 2.940940000000e+00
1.940810000000e-05 2.940930000000e+00
2.426010000000e-05 2.940930000000e+00
2.911210000000e-05 2.940920000000e+00
3.396410000000e-05 2.940910000000e+00
3.881610000000e-05 2.940900000000e+00
4.366810000000e-05 2.940890000000e+00
4.852010000000e-05 2.940880000000e+00
5.337210000000e-05 2.940860000000e+00
5.822420000000e-05 2.940850000000e+00
6.307620000000e-05 2.940830000000e+00
6.792820000000e-05 2.940820000000e+00
7.278020000000e-05 2.940800000000e+00
7.763220000000e-05 2.940780000000e+00
8.248420000000e-05 2.940760000000e+00
8.733620000000e-05 2.940740000000e+00
9.218830000000e-05 2.940720000000e+00
9.704030000000e-05 2.940690000000e+00
1.018920000000e-04 2.940670000000e+00
1.067440000000e-04 2.940640000000e+00
1.115960000000e-04 2.940620000000e+00
1.164480000000e-04 2.940590000000e+00
1.213000000000e-04 2.940560000000e+00
1.261520000000e-04 2.940530000000e+00
1.310040000000e-04 2.940500000000e+00
1.358560000000e-04 2.940470000000e+00
1.407080000000e-04 2.940430000000e+00
1.455600000000e-04 2.940400000000e+00
1.504120000000e-04 2.940370000000e+00
1.552640000000e-04 2.940330000000e+00
1.601160000000e-04 2.940290000000e+00
1.648050521580e-04 3.146323251034e+00
1.649595158650e-04 3.135555772108e+00
1.651101179793e-04 3.124751190095e+00
1.652645816863e-04 3.113909118777e+00
1.751811516742e-04 3.101283605219e+00
1.753896776786e-04 3.086361936002e+00
1.756059268683e-04 3.070815852506e+00
1.798614019955e-04 3.044935138882e+00
1.913689481652e-04 3.057791686822e+00
1.966631917218e-04 2.954796101256e+00
2.053440520539e-04 3.033026541262e+00
2.054946541682e-04 3.021855390319e+00
2.056491178752e-04 3.010642788509e+00
2.057997199895e-04 2.999386603958e+00
2.059541836964e-04 2.988089690756e+00
2.061086474034e-04 2.976749905518e+00
2.062592495177e-04 2.965365070274e+00
2.274516701148e-04 2.941234434723e+00
3.332168318740e-04 2.938210339646e+00
4.306216454930e-04 2.936368505484e+00
5.279723968147e-04 2.938440062346e+00
6.285012389073e-04 2.945720624907e+00
7.073549613186e-04 2.955401833931e+00
7.919277024806e-04 2.965284134784e+00
8.975461237181e-04 2.973225521214e+00
9.794311963788e-04 2.966848496300e+00
1.004898400066e-03 2.955941474387e+00
1.034265812355e-03 2.944420146650e+00
1.061710151492e-03 2.930834352194e+00
1.067058457346e-03 2.919195094542e+00
1.077581297384e-03 2.909058266862e+00
1.109574592691e-03 2.895151118681e+00
1.128616106169e-03 2.878671568623e+00
1.136594156634e-03 2.864065292552e+00
1.158860099995e-03 2.849226210746e+00
1.178689378378e-03 2.821793755752e+00
1.183736480003e-03 2.833196075107e+00
1.204820776005e-03 2.808779094197e+00
1.224534206608e-03 2.790051970842e+00
1.244243775618e-03 2.771606032610e+00
1.263949483036e-03 2.753036505388e+00
1.283666775231e-03 2.733720907481e+00
1.303364759463e-03 2.715722739898e+00
1.323074328474e-03 2.696558918325e+00
1.342768451113e-03 2.678521980496e+00
1.372186064107e-03 2.661843346255e+00
1.378858896248e-03 2.646871738487e+00
1.411470046383e-03 2.633957099119e+00
1.447351965514e-03 2.619320522578e+00
1.483222299866e-03 2.605336830431e+00
1.522344095251e-03 2.591019104522e+00
1.584175917153e-03 2.577407612311e+00
1.613531744664e-03 2.565108184853e+00
1.679082280312e-03 2.550611691340e+00
1.740489327020e-03 2.533600205242e+00
1.799092857447e-03 2.518201739337e+00
1.857711834244e-03 2.501357631367e+00
1.916338534227e-03 2.483491493845e+00
1.952243622914e-03 2.465723017697e+00
1.991353833520e-03 2.451507699356e+00
2.030479490497e-03 2.436054186589e+00
2.069609009067e-03 2.419568143285e+00
2.108746250822e-03 2.402735940548e+00
2.147887354169e-03 2.385313396600e+00
2.187032319110e-03 2.367285365139e+00
2.226181145643e-03 2.348637903126e+00
2.265322248991e-03 2.330808872473e+00
2.304467213931e-03 2.312355941459e+00
2.343619902057e-03 2.293264049341e+00
2.382761005404e-03 2.275001098901e+00
2.421894385567e-03 2.257091048230e+00
2.461031627322e-03 2.239037739744e+00
2.500165007484e-03 2.220837679796e+00
2.539306110832e-03 2.201974114289e+00
2.578443352587e-03 2.183465135971e+00
2.617569009564e-03 2.165839329221e+00
2.656702389726e-03 2.147018863448e+00
2.695839631481e-03 2.128029605057e+00
2.734973011644e-03 2.108871736261e+00
2.774110253399e-03 2.089538226499e+00
2.813243633561e-03 2.070024154448e+00
2.852380875316e-03 2.050324364582e+00
2.891514255479e-03 2.030433451261e+00
2.930647635641e-03 2.010905268778e+00
2.969781015803e-03 1.990620506274e+00
3.008925980744e-03 1.969268899871e+00
3.048070945684e-03 1.947102976219e+00
3.087223633810e-03 1.924388214472e+00
3.126372460343e-03 1.901404743867e+00
3.165521286876e-03 1.878438181043e+00
3.204658528631e-03 1.856402434818e+00
3.243784185608e-03 1.835946622318e+00
3.282894396214e-03 1.816499380677e+00
3.344733941302e-03 1.796215465917e+00
3.403329748544e-03 1.775381649111e+00
3.464690456140e-03 1.756365565593e+00
3.539956758957e-03 1.738082276534e+00
3.615199892217e-03 1.722477866331e+00
3.715504761935e-03 1.704432456861e+00
3.797915011199e-03 1.680898569218e+00
3.874841798866e-03 1.666979304011e+00
3.932939460652e-03 1.649105818315e+00
4.008209625062e-03 1.628840078092e+00
4.086275582567e-03 1.606626901306e+00
4.164337678480e-03 1.584900627800e+00
4.239573088556e-03 1.568929571396e+00
4.339812311198e-03 1.557619979327e+00
4.437228709595e-03 1.552832895066e+00
4.534564014546e-03 1.558919497601e+00
4.631872288348e-03 1.568869019389e+00
4.729172838965e-03 1.579610711536e+00
4.826484974360e-03 1.589002831967e+00
4.923812556125e-03 1.596223668538e+00
5.021124691520e-03 1.605521722058e+00
5.118440688508e-03 1.614345068441e+00
5.215803024607e-03 1.616854971851e+00
5.313203976634e-03 1.613505500455e+00
5.410651267772e-03 1.604256837293e+00
5.508098558911e-03 1.594951409918e+00
5.605549711642e-03 1.584742881353e+00
5.702997002780e-03 1.575322189268e+00
5.800436570733e-03 1.566713119879e+00
5.897810491611e-03 1.567574559630e+00
6.002394006012e-03 1.581429732868e+00
6.092338222584e-03 1.600034374631e+00
6.182266992785e-03 1.619990740714e+00
6.286827337630e-03 1.636813978435e+00
6.384166504174e-03 1.641764294897e+00
6.481548148237e-03 1.641764294897e+00
6.578918207522e-03 1.643000304321e+00
6.676303713177e-03 1.641764294897e+00
6.773685357241e-03 1.641764294897e+00
6.871078586082e-03 1.639704241624e+00
6.968471814923e-03 1.638053723173e+00
7.065853458986e-03 1.637641596931e+00
7.163231241456e-03 1.637641596931e+00
7.260605162334e-03 1.638465745751e+00
7.357925020914e-03 1.646292805062e+00
7.455202401975e-03 1.660201794963e+00
7.552475921443e-03 1.673998207884e+00
7.649795780023e-03 1.681656921016e+00
7.747219901605e-03 1.676016109708e+00
7.844682639115e-03 1.665085583386e+00
7.942149238217e-03 1.653260415059e+00
8.039615837318e-03 1.641353100341e+00
8.137086298013e-03 1.629358769578e+00
8.234549035522e-03 1.617692801492e+00
8.331984741883e-03 1.610149061423e+00
8.429385693909e-03 1.607205649567e+00
8.526786645935e-03 1.604256837293e+00
8.624164428406e-03 1.604256837293e+00
8.721546072469e-03 1.604256837293e+00
8.818950886088e-03 1.600456184967e+00
8.916332530151e-03 1.600034374631e+00
9.013721897399e-03 1.598765148482e+00
9.111134434204e-03 1.594104764437e+00
9.208581725342e-03 1.584742881353e+00
9.306044462851e-03 1.573175133289e+00
9.403507200360e-03 1.561521693733e+00
9.500966076277e-03 1.549780629638e+00
9.598428813786e-03 1.537953185243e+00
9.695883828110e-03 1.526918465407e+00
9.793338842434e-03 1.516248660346e+00
9.890797718350e-03 1.504154247409e+00
9.988252732674e-03 1.493321800551e+00
1.008570388541e-02 1.482410199641e+00
1.018315889973e-02 1.471417683732e+00
1.028061005246e-02 1.460345849448e+00
1.037806120519e-02 1.449185978403e+00
1.047550463474e-02 1.439350547990e+00
1.057295192588e-02 1.428971658221e+00
1.067040307861e-02 1.418044428077e+00
1.076783878497e-02 1.408949963625e+00
1.086526676814e-02 1.401249442462e+00
1.096268702813e-02 1.394958780753e+00
1.106009956494e-02 1.389615054610e+00
1.115751210174e-02 1.384250699837e+00
1.125492463855e-02 1.379354921693e+00
1.135233717535e-02 1.373459136633e+00
1.144976129693e-02 1.366546742706e+00
1.154718155692e-02 1.359599205648e+00
1.154780000000e-02 1.361930000000e+00
1.159630000000e-02 1.357660000000e+00
1.164480000000e-02 1.352980000000e+00
1.169340000000e-02 1.347180000000e+00
1.174190000000e-02 1.339890000000e+00
1.179040000000e-02 1.331510000000e+00
1.183890000000e-02 1.322410000000e+00
1.188740000000e-02 1.312960000000e+00
1.193600000000e-02 1.303550000000e+00
1.198450000000e-02 1.294580000000e+00
1.203300000000e-02 1.286410000000e+00
1.208150000000e-02 1.279430000000e+00
1.213000000000e-02 1.274010000000e+00
1.217860000000e-02 1.269500000000e+00
1.222710000000e-02 1.265000000000e+00
1.227560000000e-02 1.260530000000e+00
1.232410000000e-02 1.256070000000e+00
1.237260000000e-02 1.251640000000e+00
1.242120000000e-02 1.247230000000e+00
1.246970000000e-02 1.242860000000e+00
1.251820000000e-02 1.238520000000e+00
1.256670000000e-02 1.234210000000e+00
1.261520000000e-02 1.229940000000e+00
1.266380000000e-02 1.225690000000e+00
1.271230000000e-02 1.221460000000e+00
1.276080000000e-02 1.217250000000e+00
1.280930000000e-02 1.213050000000e+00
1.285780000000e-02 1.208860000000e+00
1.290640000000e-02 1.204690000000e+00
1.295490000000e-02 1.200540000000e+00
1.300340000000e-02 1.196400000000e+00
1.305190000000e-02 1.192290000000e+00
1.310040000000e-02 1.188200000000e+00
1.314900000000e-02 1.184120000000e+00
1.319750000000e-02 1.180070000000e+00
1.324600000000e-02 1.176040000000e+00
1.329450000000e-02 1.172040000000e+00
1.334300000000e-02 1.168060000000e+00
1.339160000000e-02 1.164100000000e+00
1.344010000000e-02 1.160170000000e+00
1.348860000000e-02 1.156270000000e+00
1.353710000000e-02 1.152400000000e+00
1.358560000000e-02 1.148550000000e+00
1.363420000000e-02 1.144730000000e+00
1.368270000000e-02 1.140930000000e+00
1.373120000000e-02 1.137150000000e+00
1.377970000000e-02 1.133400000000e+00
1.382820000000e-02 1.129660000000e+00
1.387680000000e-02 1.125940000000e+00
1.392530000000e-02 1.122250000000e+00
1.397380000000e-02 1.118580000000e+00
1.402230000000e-02 1.114930000000e+00
1.407080000000e-02 1.111300000000e+00
1.411940000000e-02 1.107680000000e+00
1.416790000000e-02 1.104100000000e+00
1.421640000000e-02 1.100530000000e+00
1.426490000000e-02 1.096990000000e+00
1.431340000000e-02 1.093470000000e+00
1.436200000000e-02 1.089960000000e+00
1.441050000000e-02 1.086480000000e+00
1.445900000000e-02 1.083030000000e+00
1.450750000000e-02 1.079590000000e+00
1.455600000000e-02 1.076180000000e+00
1.460460000000e-02 1.071870000000e+00
1.465310000000e-02 1.065870000000e+00
1.470160000000e-02 1.058350000000e+00
1.475010000000e-02 1.049460000000e+00
1.479860000000e-02 1.039350000000e+00
1.484720000000e-02 1.028150000000e+00
1.489570000000e-02 1.016050000000e+00
1.494420000000e-02 1.003180000000e+00
1.499270000000e-02 9.896870000000e-01
1.504120000000e-02 9.757200000000e-01
1.508980000000e-02 9.614050000000e-01
1.513830000000e-02 9.469600000000e-01
1.518680000000e-02 9.325210000000e-01
1.523530000000e-02 9.182560000000e-01
1.528380000000e-02 9.043450000000e-01
1.533240000000e-02 8.909420000000e-01
1.538090000000e-02 8.782930000000e-01
1.542940000000e-02 8.665640000000e-01
1.547790000000e-02 8.559550000000e-01
1.552640000000e-02 8.466670000000e-01
1.557500000000e-02 8.381960000000e-01
1.562350000000e-02 8.299510000000e-01
1.567200000000e-02 8.219060000000e-01
1.572050000000e-02 8.140540000000e-01
1.576900000000e-02 8.063900000000e-01
1.581760000000e-02 7.988890000000e-01
1.586610000000e-02 7.915750000000e-01
1.591460000000e-02 7.844260000000e-01
1.596310000000e-02 7.774340000000e-01
1.601160000000e-02 7.705900000000e-01
1.606020000000e-02 7.638740000000e-01
1.610870000000e-02 7.573060000000e-01
1.615720000000e-02 7.508630000000e-01
1.620570000000e-02 7.445370000000e-01
1.625420000000e-02 7.383200000000e-01
1.630280000000e-02 7.321910000000e-01
1.635130000000e-02 7.261680000000e-01
1.639980000000e-02 7.202280000000e-01
1.644830000000e-02 7.143640000000e-01
1.649680000000e-02 7.085670000000e-01
1.654540000000e-02 7.026140000000e-01
1.659390000000e-02 6.964270000000e-01
1.664240000000e-02 6.901520000000e-01
1.669090000000e-02 6.839490000000e-01
1.673940000000e-02 6.779780000000e-01
1.678800000000e-02 6.723940000000e-01
1.683650000000e-02 6.673850000000e-01
1.688500000000e-02 6.631040000000e-01
1.693350000000e-02 6.597170000000e-01
1.698200000000e-02 6.573840000000e-01
1.703060000000e-02 6.556330000000e-01
1.707910000000e-02 6.538980000000e-01
1.712760000000e-02 6.521740000000e-01
1.717610000000e-02 6.504620000000e-01
1.722460000000e-02 6.487630000000e-01
1.727320000000e-02 6.470740000000e-01
1.732170000000e-02 6.454040000000e-01
1.737020000000e-02 6.437480000000e-01
1.741870000000e-02 6.421080000000e-01
1.746720000000e-02 6.404850000000e-01
1.751580000000e-02 6.388700000000e-01
1.756430000000e-02 6.372660000000e-01
1.761280000000e-02 6.356690000000e-01
1.766130000000e-02 6.340800000000e-01
1.770980000000e-02 6.324990000000e-01
1.775840000000e-02 6.309220000000e-01
1.780690000000e-02 6.293580000000e-01
1.785540000000e-02 6.278010000000e-01
1.790390000000e-02 6.262540000000e-01
1.795250000000e-02 6.247120000000e-01
1.800100000000e-02 6.231820000000e-01
1.804950000000e-02 6.216620000000e-01
1.809800000000e-02 6.201510000000e-01
1.814650000000e-02 6.186500000000e-01
1.819510000000e-02 6.171560000000e-01
1.824360000000e-02 6.156750000000e-01
1.829210000000e-02 6.142040000000e-01
1.834060000000e-02 6.127440000000e-01
1.838910000000e-02 6.112940000000e-01
1.843770000000e-02 6.098530000000e-01
1.848620000000e-02 6.084230000000e-01
1.853470000000e-02 6.070020000000e-01
1.858320000000e-02 6.055880000000e-01
1.863170000000e-02 6.041820000000e-01
1.868030000000e-02 6.027820000000e-01
1.872880000000e-02 6.013930000000e-01
1.877730000000e-02 6.000120000000e-01
1.882580000000e-02 5.986410000000e-01
1.887430000000e-02 5.972770000000e-01
1.892290000000e-02 5.959200000000e-01
1.897140000000e-02 5.945750000000e-01
1.901990000000e-02 5.932390000000e-01
1.906840000000e-02 5.919130000000e-01
1.911690000000e-02 5.905960000000e-01
1.916550000000e-02 5.892860000000e-01
1.921400000000e-02 5.879890000000e-01
1.926250000000e-02 5.867020000000e-01
1.931100000000e-02 5.854250000000e-01
1.935950000000e-02 5.841580000000e-01
1.940810000000e-02 5.828990000000e-01
1.945660000000e-02 5.816520000000e-01
1.950510000000e-02 5.804140000000e-01
1.955360000000e-02 5.791850000000e-01
1.960210000000e-02 5.779640000000e-01
1.965070000000e-02 5.767490000000e-01
1.969920000000e-02 5.755450000000e-01
1.974770000000e-02 5.743500000000e-01
1.979620000000e-02 5.731620000000e-01
1.984470000000e-02 5.719830000000e-01
1.989330000000e-02 5.708100000000e-01
1.994180000000e-02 5.696470000000e-01
1.999030000000e-02 5.684930000000e-01
2.003880000000e-02 5.673460000000e-01
2.008730000000e-02 5.662070000000e-01
2.013590000000e-02 5.650740000000e-01
2.018440000000e-02 5.639510000000e-01
2.023290000000e-02 5.628360000000e-01
2.028140000000e-02 5.617290000000e-01
2.032990000000e-02 5.606290000000e-01
2.037850000000e-02 5.595350000000e-01
2.042700000000e-02 5.584510000000e-01
2.047550000000e-02 5.573760000000e-01
2.052400000000e-02 5.563090000000e-01
2.057250000000e-02 5.552500000000e-01
2.062110000000e-02 5.541970000000e-01
2.066960000000e-02 5.531530000000e-01
2.071810000000e-02 5.521160000000e-01
2.076660000000e-02 5.510870000000e-01
2.081510000000e-02 5.500640000000e-01
2.086370000000e-02 5.490440000000e-01
2.091220000000e-02 5.480330000000e-01
2.096070000000e-02 5.470280000000e-01
2.100920000000e-02 5.460280000000e-01
2.105770000000e-02 5.450330000000e-01
2.110630000000e-02 5.440400000000e-01
2.115480000000e-02 5.430540000000e-01
2.120330000000e-02 5.420730000000e-01
2.125180000000e-02 5.410940000000e-01
2.130030000000e-02 5.401200000000e-01
2.134890000000e-02 5.391470000000e-01
2.139740000000e-02 5.381800000000e-01
2.144590000000e-02 5.372190000000e-01
2.149440000000e-02 5.362640000000e-01
2.154290000000e-02 5.353170000000e-01
2.159150000000e-02 5.343750000000e-01
2.164000000000e-02 5.334430000000e-01
2.168850000000e-02 5.325190000000e-01
2.173700000000e-02 5.316040000000e-01
2.178550000000e-02 5.306990000000e-01
2.183410000000e-02 5.298020000000e-01
2.188260000000e-02 5.289170000000e-01
2.193110000000e-02 5.280410000000e-01
2.197960000000e-02 5.271740000000e-01
2.202810000000e-02 5.263150000000e-01
2.207670000000e-02 5.254620000000e-01
2.212520000000e-02 5.246170000000e-01
2.217370000000e-02 5.237790000000e-01
2.222220000000e-02 5.229470000000e-01
2.227070000000e-02 5.221200000000e-01
2.231930000000e-02 5.212950000000e-01
2.236780000000e-02 5.204760000000e-01
2.241630000000e-02 5.196590000000e-01
2.246480000000e-02 5.188450000000e-01
2.251330000000e-02 5.180330000000e-01
2.256190000000e-02 5.172230000000e-01
2.261040000000e-02 5.164170000000e-01
2.265890000000e-02 5.156150000000e-01
2.270740000000e-02 5.148170000000e-01
2.275590000000e-02 5.140220000000e-01
2.280450000000e-02 5.132290000000e-01
2.285300000000e-02 5.124430000000e-01
2.290150000000e-02 5.116600000000e-01
2.295000000000e-02 5.108820000000e-01
2.299850000000e-02 5.101080000000e-01
2.304710000000e-02 5.093380000000e-01
2.309560000000e-02 5.085740000000e-01
2.314410000000e-02 5.078150000000e-01
2.319260000000e-02 5.070620000000e-01
2.324110000000e-02 5.063150000000e-01
2.328970000000e-02 5.055710000000e-01
2.333820000000e-02 5.048330000000e-01
2.338670000000e-02 5.040980000000e-01
2.343520000000e-02 5.033650000000e-01
2.348370000000e-02 5.026360000000e-01
2.353230000000e-02 5.019080000000e-01
2.358080000000e-02 5.011860000000e-01
2.362930000000e-02 5.004680000000e-01
2.367780000000e-02 4.997530000000e-01
2.372630000000e-02 4.990440000000e-01
2.377490000000e-02 4.983380000000e-01
2.382340000000e-02 4.976380000000e-01
2.387190000000e-02 4.969440000000e-01
2.392040000000e-02 4.962550000000e-01
2.396890000000e-02 4.955730000000e-01
2.401750000000e-02 4.948950000000e-01
2.406600000000e-02 4.942250000000e-01
2.411450000000e-02 4.935620000000e-01
2.416300000000e-02 4.929060000000e-01
2.421150000000e-02 4.922580000000e-01
2.426010000000e-02 4.916160000000e-01
2.500000000000e-02 4.822010000000e-01
2.600000000000e-02 4.704660000000e-01
2.700000000000e-02 4.599340000000e-01
2.800000000000e-02 4.504790000000e-01
2.900000000000e-02 4.418030000000e-01
3.000000000000e-02 4.337180000000e-01
3.100000000000e-02 4.261780000000e-01
3.200000000000e-02 4.190610000000e-01
3.400000000000e-02 4.058910000000e-01
3.600000000000e-02 3.933940000000e-01
3.800000000000e-02 3.813150000000e-01
4.000000000000e-02 3.695270000000e-01
4.200000000000e-02 3.580260000000e-01
4.400000000000e-02 3.465660000000e-01
4.600000000000e-02 3.350430000000e-01
4.800000000000e-02 3.235940000000e-01
5.000000000000e-02 3.123110000000e-01
5.250000000000e-02 2.984020000000e-01
5.500000000000e-02 2.847450000000e-01
5.750000000000e-02 2.713510000000e-01
6.000000000000e-02 2.583360000000e-01
6.250000000000e-02 2.456800000000e-01
6.500000000000e-02 2.333810000000e-01
6.750000000000e-02 2.215050000000e-01
7.000000000000e-02 2.102930000000e-01
7.250000000000e-02 1.995890000000e-01
7.500000000000e-02 1.892150000000e-01
8.000000000000e-02 1.699120000000e-01
8.500000000000e-02 1.524690000000e-01
9.000000000000e-02 1.368390000000e-01
1.000000000000e-01 1.104010000000e-01
1.050000000000e-01 9.917950000000e-02
1.100000000000e-01 8.928040000000e-02
1.150000000000e-01 8.043900000000e-02
1.200000000000e-01 7.251800000000e-02
1.250000000000e-01 6.547980000000e-02
1.300000000000e-01 5.926830000000e-02
1.350000000000e-01 5.365110000000e-02
1.400000000000e-01 4.865350000000e-02
1.450000000000e-01 4.420310000000e-02
1.500000000000e-01 4.026990000000e-02
1.550000000000e-01 3.668610000000e-02
1.600000000000e-01 3.343510000000e-02
1.650000000000e-01 3.053450000000e-02
1.700000000000e-01 2.792440000000e-02
1.750000000000e-01 2.559000000000e-02
1.800000000000e-01 2.353050000000e-02
1.850000000000e-01 2.162800000000e-02
1.900000000000e-01 1.987400000000e-02
1.950000000000e-01 1.832730000000e-02
2.000000000000e-01 1.690210000000e-02
2.100000000000e-01 1.447490000000e-02
2.200000000000e-01 1.241250000000e-02
2.300000000000e-01 1.070840000000e-02
2.400000000000e-01 9.274040000000e-03
2.500000000000e-01 8.078130000000e-03
2.600000000000e-01 7.055870000000e-03
2.700000000000e-01 6.186810000000e-03
2.800000000000e-01 5.441200000000e-03
2.900000000000e-01 4.803110000000e-03
3.000000000000e-01 4.254500000000e-03
3.100000000000e-01 3.785560000000e-03
3.200000000000e-01 3.373030000000e-03
3.300000000000e-01 3.016500000000e-03
3.400000000000e-01 2.704970000000e-03
3.500000000000e-01 2.430580000000e-03
3.600000000000e-01 2.192310000000e-03
3.700000000000e-01 1.980760000000e-03
3.800000000000e-01 1.791210000000e-03
3.900000000000e-01 1.629230000000e-03
4.000000000000e-01 1.485500000000e-03
4.100000000000e-01 1.353830000000e-03
4.200000000000e-01 1.234620000000e-03
4.400000000000e-01 1.034820000000e-03
4.600000000000e-01 8.742290000000e-04
4.800000000000e-01 7.429860000000e-04
5.000000000000e-01 6.361970000000e-04
5.200000000000e-01 5.470850000000e-04
5.400000000000e-01 4.733500000000e-04
5.600000000000e-01 4.103490000000e-04
5.800000000000e-01 3.588630000000e-04
6.000000000000e-01 3.170750000000e-04
6.250000000000e-01 2.708670000000e-04
6.750000000000e-01 1.993560000000e-04
7.000000000000e-01 1.733430000000e-04
7.250000000000e-01 1.510600000000e-04
7.500000000000e-01 1.321440000000e-04
7.750000000000e-01 1.162850000000e-04
8.000000000000e-01 1.028110000000e-04
8.250000000000e-01 9.107760000000e-05
8.500000000000e-01 8.094730000000e-05
9.000000000000e-01 6.475070000000e-05
9.500000000000e-01 5.229450000000e-05
1.000000000000e+00 4.274510000000e-05
1.050000000000e+00 3.521750000000e-05
1.100000000000e+00 2.948320000000e-05
1.150000000000e+00 2.471230000000e-05
1.200000000000e+00 2.083650000000e-05
1.250000000000e+00 1.775880000000e-05
1.300000000000e+00 1.519830000000e-05
1.350000000000e+00 1.309100000000e-05
1.400000000000e+00 1.134490000000e-05
1.450000000000e+00 9.860810000000e-06
1.500000000000e+00 8.634680000000e-06
1.550000000000e+00 7.607010000000e-06
1.600000000000e+00 6.701030000000e-06
1.650000000000e+00 5.920440000000e-06
1.700000000000e+00 5.269360000000e-06
1.750000000000e+00 4.712580000000e-06
1.800000000000e+00 4.215790000000e-06
1.850000000000e+00 3.777040000000e-06
1.900000000000e+00 3.394390000000e-06
1.950000000000e+00 3.065540000000e-06
2.000000000000e+00 2.775830000000e-06
2.100000000000e+00 2.286500000000e-06
2.200000000000e+00 1.903450000000e-06
2.300000000000e+00 1.583590000000e-06
2.400000000000e+00 1.339930000000e-06
2.500000000000e+00 1.179390000000e-06
2.600000000000e+00 1.034640000000e-06
2.700000000000e+00 9.021330000000e-07
2.800000000000e+00 7.821810000000e-07
2.900000000000e+00 6.750800000000e-07
3.000000000000e+00 5.811330000000e-07
3.100000000000e+00 5.006390000000e-07
3.200000000000e+00 4.339000000000e-07
3.300000000000e+00 3.812170000000e-07
3.400000000000e+00 3.428810000000e-07
3.500000000000e+00 3.120850000000e-07
3.600000000000e+00 2.828070000000e-07
3.700000000000e+00 2.551460000000e-07
3.800000000000e+00 2.292010000000e-07
3.900000000000e+00 2.050690000000e-07
4.000000000000e+00 1.828490000000e-07
4.100000000000e+00 1.626380000000e-07
4.200000000000e+00 1.445340000000e-07
4.300000000000e+00 1.286350000000e-07
4.600000000000e+00 9.515290000000e-08
4.800000000000e+00 8.565580000000e-08
5.000000000000e+00 8.416800000000e-08
5.200000000000e+00 8.307200000000e-08
5.400000000000e+00 8.198550000000e-08
5.600000000000e+00 8.090850000000e-08
5.800000000000e+00 7.984090000000e-08
6.000000000000e+00 7.878280000000e-08
6.500000000000e+00 7.617820000000e-08
7.000000000000e+00 7.363160000000e-08
7.250000000000e+00 7.237980000000e-08
7.500000000000e+00 7.114220000000e-08
7.750000000000e+00 6.991870000000e-08
8.000000000000e+00 6.870940000000e-08
8.250000000000e+00 6.751400000000e-08
8.500000000000e+00 6.633250000000e-08
8.750000000000e+00 6.516480000000e-08
9.000000000000e+00 6.401090000000e-08
9.500000000000e+00 6.174390000000e-08
1.000000000000e+01 5.953090000000e-08
1.250000000000e+01 4.925330000000e-08
1.500000000000e+01 4.022820000000e-08
1.750000000000e+01 3.237460000000e-08
2.000000000000e+01 2.561160000000e-08
2.250000000000e+01 1.985820000000e-08
2.500000000000e+01 1.503320000000e-08
2.750000000000e+01 1.105570000000e-08
3.000000000000e+01 7.844720000000e-09
3.500000000000e+01 3.398050000000e-09
4.000000000000e+01 1.045040000000e-09
4.500000000000e+01 1.375640000000e-10
5.000000000000e+01 1.535120000000e-11
5.500000000000e+01 1.534650000000e-11
6.000000000000e+01 1.534170000000e-11
7.000000000000e+01 1.533220000000e-11
8.000000000000e+01 1.532280000000e-11
9.000000000000e+01 1.531330000000e-11
1.000000000000e+02 1.530380000000e-11
1.500000000000e+02 1.525650000000e-11
3.000000000000e+02 1.511510000000e-11
4.500000000000e+02 1.497460000000e-11
6.000000000000e+02 1.483500000000e-11
1.000000000000e+03 1.446690000000e-11
3.000000000000e+03 1.271760000000e-11
1.000000000000e+04 7.710560000000e-12
3.000000000000e+04 8.600900000000e-13
1.000000000000e+05 7.703250000000e-21
3.000000000000e+05 7.608280000000e-21
1.000000000000e+06 7.282050000000e-21
3.000000000000e+06 6.401610000000e-21
1.000000000000e+07 3.881450000000e-21
3.000000000000e+07 4.331370000000e-22
1.000000000000e+08 4.331370000000e-23
